  -0.0147765564
  -0.0168235416
  -0.0156451544
  -0.0134129770
  -0.0125207150
  -0.0144180320
  -0.0167123868
  -0.0179355688
  -0.0175227516
  -0.0169697388
  -0.0152514502
  -0.0127433639
  -0.0111262867
  -0.0110837738
  -0.0121475041
  -0.0143365646
  -0.0171516488
  -0.0188230547
  -0.0187024405
  -0.0176890415
  -0.0176305120
  -0.0182058124
  -0.0184745200
  -0.0175122993
  -0.0151843089
  -0.0125103369
  -0.0109972973
  -0.0110928898
  -0.0124849824
  -0.0139475988
  -0.0167688688
  -0.0194432638
  -0.0205622621
  -0.0200030638
  -0.0186729265
  -0.0159616331
  -0.0161641361
  -0.0173915366
  -0.0189266422
  -0.0198114114
  -0.0192429162
  -0.0170033755
  -0.0138203745
  -0.0113568558
  -0.0137634714
  -0.0173427854
  -0.0202918928
  -0.0213880217
  -0.0206468013
  -0.0188362659
  -0.0169851912
  -0.0129048830
  -0.0133936865
  -0.0152114924
  -0.0176914149
  -0.0198671281
  -0.0207414636
  -0.0195975224
  -0.0163505870
  -0.0120152707
  -0.0137637633
  -0.0184441946
  -0.0207191519
  -0.0205600143
  -0.0186833854
  -0.0161237316
  -0.0139311689
  -0.0088791595
  -0.0096053809
  -0.0117844846
  -0.0148566789
  -0.0179731223
  -0.0201633832
  -0.0205215994
  -0.0183838471
  -0.0135299920
  -0.0140262068
  -0.0180142601
  -0.0188853730
  -0.0175112913
  -0.0148697900
  -0.0119806295
  -0.0097635244
  -0.0043509171
  -0.0053598055
  -0.0079464523
  -0.0115477861
  -0.0153048343
  -0.0182060437
  -0.0192320949
  -0.0174396887
  -0.0118578115
  -0.0111935746
  -0.0149544116
  -0.0152712344
  -0.0133818818
  -0.0103784322
  -0.0073096031
  -0.0050871836
   0.0002392076
  -0.0010508089
  -0.0039703496
  -0.0079294368
  -0.0120395198
  -0.0152509091
  -0.0164766087
  -0.0146044548
  -0.0080575438
  -0.0070020259
  -0.0105195379
  -0.0105995273
  -0.0085408599
  -0.0054548242
  -0.0024001818
  -0.0002913019
   0.0046190522
   0.0030343256
  -0.0001641976
  -0.0043259943
  -0.0085071683
  -0.0116202713
  -0.0125595947
  -0.0101868568
  -0.0022324222
  -0.0053211966
  -0.0053818775
  -0.0034150078
  -0.0004531668
   0.0024464141
   0.0043500189
   0.0087905346
   0.0067404540
   0.0030591982
  -0.0013738130
  -0.0053915240
  -0.0077682282
  -0.0074209416
  -0.0035183080
   0.0002053325
  -0.0001983744
   0.0013868077
   0.0041728855
   0.0070218008
   0.0088162434
   0.0103715925
   0.0063019701
   0.0018706922
  -0.0016465041
  -0.0031852606
  -0.0023335934
   0.0039358867
   0.0045944064
   0.0062745001
   0.0042220847
   0.0016488751
   0.0008946648
   0.0063925799
   0.0056270423
   0.0032342676
  -0.0120800719
  -0.0128673381
  -0.0143691731
  -0.0135434500
  -0.0115674094
  -0.0168130112
   0.0039563275
  -0.0015629188
   0.0049465884
  -0.0009638998
  -0.0045996954
  -0.0122497961
  -0.0099534828
  -0.0044071033
  -0.0072678649
  -0.0132447852
  -0.0120267201
  -0.0109237697
  -0.0114078558
  -0.0141088543
  -0.0157772942
  -0.0108044834
  -0.0087866770
  -0.0077743739
  -0.0087944562
  -0.0115533819
  -0.0173043405
  -0.0104275410
  -0.0063942100
  -0.0043090590
  -0.0040931495
  -0.0053005576
  -0.0068908205
  -0.0017208420
   0.0002927746
   0.0004220136
  -0.0003960357
   0.0051920245
   0.0047361282
   0.0091711988
   0.0117095503
   0.0120116694
   0.0014868467
   0.0094664257
   0.0002128287
   0.0022935158
   0.0042878080
   0.0053263368
   0.0058394372
   0.0011488655
  -0.0004079879
  -0.0002707056
   0.0007259475
   0.0014717225
   0.0016344919
  -0.0030641791
  -0.0026459059
  -0.0021827130
  -0.0021771749
  -0.0131523926
  -0.0061618619
  -0.0052391869
  -0.0066426795
  -0.0092691837
  -0.0084932641
  -0.0141866790
  -0.0105753002
  -0.0118842579
  -0.0152951587
  -0.0172913201
  -0.0074852531
  -0.0065189222
  -0.0070132347
  -0.0089618650
  -0.0025735344
  -0.0021099147
  -0.0023801965
  -0.0033590159
   0.0014196733
   0.0021422790
   0.0026532323
   0.0026078973
   0.0019760344
   0.0010279905
   0.0064914585
   0.0069480310
   0.0077397909
   0.0074715081
   0.0065174763
   0.0058326428
   0.0106734140
   0.0108121370
   0.0104542292
   0.0127257274
   0.0134619473
   0.0119531734
   0.0143577232
   0.0096540336
   0.0123589652
   0.0058550285
   0.0079011302
   0.0094582164
   0.0086624193
  -0.0006614013
   0.0018020054
   0.0037355975
   0.0049368497
   0.0050749576
   0.0043949642
  -0.0068636503
  -0.0034981603
  -0.0009193668
   0.0004680099
   0.0003819609
  -0.0012221390
  -0.0132656454
  -0.0122043021
  -0.0088818008
  -0.0055790805
  -0.0035142194
  -0.0046412302
  -0.0083365522
  -0.0103863478
  -0.0071345810
  -0.0137878069
  -0.0157333121
  -0.0120338107
  -0.0098837540
  -0.0113659679
  -0.0096642114
  -0.0068990937
  -0.0056676007
  -0.0059655991
  -0.0036470738
  -0.0020524684
  -0.0012168684
  -0.0011314488
  -0.0017678884
   0.0016108570
   0.0027913280
   0.0035627559
   0.0037231683
   0.0034301556
   0.0059124865
   0.0067596287
   0.0079236597
   0.0088038157
   0.0088901901
   0.0084122907
   0.0081588490
   0.0105820083
   0.0113352209
   0.0121619052
   0.0138591910
   0.0142872000
   0.0143100044
   0.0142848224
   0.0123772817
   0.0130986882
   0.0115385513
   0.0090806949
   0.0103328408
   0.0087693693
   0.0068816148
   0.0042100293
   0.0054721748
   0.0059822746
   0.0053473068
   0.0037328991
   0.0014414140
  -0.0130580728
  -0.0017883057
   0.0005730352
   0.0013289427
   0.0004335907
  -0.0019652750
  -0.0056276878
  -0.0102057084
  -0.0085909929
  -0.0046982620
  -0.0028858655
  -0.0046324189
  -0.0083107724
  -0.0067569240
  -0.0122860664
  -0.0139415479
  -0.0102968209
  -0.0083005494
  -0.0098772656
  -0.0177624741
  -0.0078119647
  -0.0052014281
  -0.0039878986
  -0.0043028199
  -0.0045116302
  -0.0020248996
  -0.0003098740
   0.0006540468
   0.0007363650
   0.0000412424
   0.0019846304
   0.0037034539
   0.0051611547
   0.0059078353
   0.0057177705
   0.0051241681
   0.0065499534
   0.0077706776
   0.0094590505
   0.0096212477
   0.0115486939
   0.0123678932
   0.0141069246
   0.0127379314
   0.0140120213
   0.0109328648
   0.0116232680
   0.0082987203
   0.0066795181
   0.0076151932
   0.0076702881
   0.0072654925
   0.0059689195
   0.0041458052
   0.0022206747
   0.0028416315
   0.0030879990
   0.0028022890
   0.0017878825
   0.0001210520
  -0.0020317643
  -0.0131269937
  -0.0015075745
  -0.0014262457
  -0.0026161669
  -0.0048479174
  -0.0077804046
  -0.0101359169
  -0.0120651128
  -0.0053162784
  -0.0070556746
  -0.0088882783
  -0.0120954116
  -0.0118070930
  -0.0134329450
  -0.0144932416
  -0.0128310699
  -0.0098769269
  -0.0095881668
  -0.0169015875
  -0.0161501594
  -0.0101003467
  -0.0069019114
  -0.0055697809
  -0.0066801286
  -0.0101121087
  -0.0030365460
  -0.0014354543
  -0.0012035879
  -0.0029078596
  -0.0073720763
   0.0034362268
   0.0038829244
  -0.0095525437
   0.0080472110
   0.0116668747
   0.0127747426
   0.0107786930
   0.0078680046
   0.0073648023
   0.0070915415
   0.0061484603
   0.0042110622
   0.0022487906
   0.0035391201
   0.0034829017
   0.0033006693
   0.0028033651
   0.0025269025
  -0.0002704143
   0.0000239638
   0.0003241302
   0.0015131391
  -0.0019429563
  -0.0042183505
  -0.0030959668
  -0.0023927444
  -0.0064175990
  -0.0098170830
  -0.0130754844
  -0.0063577284
  -0.0097105410
   0.0118447119
   0.0095255713
   0.0112525799
   0.0124321430
   0.0114176404
   0.0092175976
   0.0065717126
   0.0086975038
   0.0097363588
   0.0110702672
   0.0121828414
   0.0126608720
   0.0115441866
   0.0096030535
   0.0080021115
   0.0069490142
   0.0059103137
   0.0063514836
   0.0083997457
   0.0101856969
   0.0114792011
   0.0124885056
   0.0123401316
   0.0111437700
   0.0097061186
   0.0092924890
   0.0105565035
   0.0119883382
   0.0112980113
  -0.0024448770
   0.0027806889
   0.0051979724
  -0.0033679738
   0.0031296255
   0.0066223901
   0.0084331827
  -0.0016855566
   0.0043121038
   0.0077449427
   0.0097311131
   0.0111120386
   0.0016641272
   0.0060444476
   0.0087253722
   0.0103984666
   0.0044286261
   0.0072312923
   0.0089437335
   0.0095546308
   0.0095371280
   0.0119308906
   0.0122369443
   0.0123259327
   0.0121556795
   0.0131273667
   0.0130991699
   0.0134612501
   0.0137104226
   0.0137409022
   0.0137679384
   0.0125551385
   0.0130774523
   0.0135927749
   0.0138452030
   0.0138765202
   0.0140581891
   0.0114558865
   0.0123057576
   0.0126398563
   0.0125508182
   0.0092077517
   0.0100430661
   0.0099617779
   0.0105510836
   0.0106247398
   0.0127018125
   0.0130970407
   0.0132873174
   0.0132500271
   0.0133094628
   0.0142260698
   0.0143900077
   0.0145777842
   0.0145675741
   0.0144506581
   0.0146803328
   0.0144360968
   0.0143909911
   0.0145924843
   0.0146182930
   0.0143795660
   0.0140648739
   0.0132107538
   0.0134121801
   0.0131257854
   0.0123444902
   0.0107295679
   0.0106610927
   0.0106595342
   0.0110199611
   0.0108497147
   0.0126434357
   0.0130271471
   0.0131366497
   0.0129413455
   0.0127333794
   0.0140634352
   0.0139856213
   0.0140352711
   0.0138768118
   0.0134967916
   0.0132074887
   0.0138434093
   0.0137271014
   0.0135003378
   0.0129727791
   0.0122541847
   0.0120906770
   0.0117302993
   0.0108398849
   0.0019747925
  -0.0032953779
   0.0072761700
   0.0054769094
   0.0014559819
  -0.0062368453
   0.0101035030
   0.0087175278
   0.0061556274
   0.0014009038
  -0.0074003847
   0.0109839217
   0.0094937891
   0.0070427633
   0.0027523645
   0.0109627524
   0.0097276611
   0.0078939362
   0.0048397003
   0.0000080559
   0.0078461503
   0.0060920113
  -0.0128412676
  -0.0140242236
  -0.0133081250
  -0.0120440672
  -0.0115955959
  -0.0125835913
  -0.0138769678
  -0.0147573131
  -0.0144557547
  -0.0139766627
  -0.0128966366
  -0.0115364583
  -0.0107693651
  -0.0108139537
  -0.0113375672
  -0.0124148042
  -0.0139284123
  -0.0149792552
  -0.0150956034
  -0.0147901265
  -0.0146882539
  -0.0148274406
  -0.0147387034
  -0.0139933525
  -0.0126124538
  -0.0112053491
  -0.0105327328
  -0.0107219374
  -0.0111702215
  -0.0113472684
  -0.0114043431
  -0.0120572319
  -0.0135208265
  -0.0150733678
  -0.0159047808
  -0.0158358313
  -0.0152750793
  -0.0140069315
  -0.0140517090
  -0.0145748174
  -0.0151933081
  -0.0154053701
  -0.0148211596
  -0.0134061579
  -0.0116471822
  -0.0104531422
  -0.0117719912
  -0.0136800519
  -0.0154639511
  -0.0163494140
  -0.0162235990
  -0.0154414758
  -0.0145445726
  -0.0124180010
  -0.0126032730
  -0.0134273392
  -0.0145650115
  -0.0155399039
  -0.0158586775
  -0.0151727847
  -0.0134579218
  -0.0112040472
  -0.0123522178
  -0.0147688666
  -0.0160534433
  -0.0161119533
  -0.0152704352
  -0.0140427442
  -0.0129575138
  -0.0101398839
  -0.0104461301
  -0.0114655200
  -0.0129410946
  -0.0144744857
  -0.0156001399
  -0.0158751766
  -0.0149785076
  -0.0128316151
  -0.0097940347
  -0.0096773808
  -0.0130361706
  -0.0148532395
  -0.0152265416
  -0.0145118854
  -0.0131812011
  -0.0117337385
  -0.0106143347
  -0.0073635256
  -0.0078150746
  -0.0090590518
  -0.0108499578
  -0.0128013902
  -0.0144430415
  -0.0152868940
  -0.0148913727
  -0.0129189805
  -0.0092140844
  -0.0084281603
  -0.0119237523
  -0.0133464820
  -0.0132356342
  -0.0121133712
  -0.0105064791
  -0.0089173652
  -0.0077716319
  -0.0043121989
  -0.0049132202
  -0.0063587250
  -0.0084030131
  -0.0106594865
  -0.0126498083
  -0.0138576189
  -0.0137700407
  -0.0118813623
  -0.0076072088
  -0.0063405132
  -0.0097649019
  -0.0108944646
  -0.0104864878
  -0.0091346436
  -0.0073872520
  -0.0057463454
  -0.0046273775
  -0.0011943498
  -0.0019491841
  -0.0035762564
  -0.0058176389
  -0.0082729957
  -0.0104472306
  -0.0117990398
  -0.0117680284
  -0.0097344105
  -0.0035221033
  -0.0068165523
  -0.0077998152
  -0.0072728279
  -0.0058428619
  -0.0040646485
  -0.0024432892
  -0.0013939436
   0.0018390183
   0.0009216536
  -0.0008744640
  -0.0032638220
  -0.0058160067
  -0.0080082034
  -0.0092756607
  -0.0090334108
  -0.0066102950
  -0.0004022518
  -0.0034164756
  -0.0043494098
  -0.0038411384
  -0.0024498641
  -0.0007222890
   0.0008281600
   0.0017756899
   0.0047147803
   0.0036155596
   0.0016484654
  -0.0008503699
  -0.0033993998
  -0.0054389090
  -0.0063955770
  -0.0057218540
  -0.0028778063
  -0.0000258067
  -0.0008335970
  -0.0003983966
   0.0008891266
   0.0025233779
   0.0039797281
   0.0048080455
   0.0074060247
   0.0060236277
   0.0037482130
   0.0010633150
  -0.0014011980
  -0.0029939628
  -0.0031762712
  -0.0016952807
   0.0023131534
   0.0026489495
   0.0037946621
   0.0053917711
   0.0068675138
   0.0076621108
   0.0081517045
   0.0056308076
   0.0029159095
   0.0007416491
  -0.0003336960
  -0.0002455054
   0.0038364926
   0.0049737956
   0.0062869676
   0.0042150279
   0.0024547023
   0.0014502246
   0.0048752295
   0.0044140431
   0.0023415027
   0.0043700206
   0.0054374118
   0.0043759056
  -0.0113039294
  -0.0115070860
  -0.0122745773
  -0.0118640091
  -0.0108540128
  -0.0130814858
  -0.0136922198
   0.0023919919
  -0.0011557217
   0.0030216463
  -0.0009081450
  -0.0033661650
  -0.0072732958
  -0.0032384907
  -0.0053159753
  -0.0114087947
  -0.0099272980
  -0.0099240180
  -0.0117173317
  -0.0130934209
  -0.0086013967
  -0.0075454626
  -0.0079608066
  -0.0096724501
  -0.0139368774
  -0.0072329360
  -0.0054086392
  -0.0048924492
  -0.0054844268
  -0.0090013476
  -0.0049666116
  -0.0027573631
  -0.0019170186
  -0.0019967095
  -0.0055258634
  -0.0014213342
   0.0005968347
   0.0013323347
   0.0014117894
   0.0041725411
   0.0045797718
   0.0047799889
   0.0070832412
   0.0073916548
   0.0089311731
   0.0087967654
   0.0094825735
   0.0016189808
   0.0073618718
   0.0080343311
   0.0004488190
   0.0024324771
   0.0040907323
   0.0051396662
   0.0058444983
   0.0002864096
   0.0008988890
   0.0019410219
   0.0027800944
   0.0033300255
   0.0008084567
  -0.0001978270
  -0.0003821414
   0.0000635242
   0.0005164759
   0.0006398434
  -0.0022226960
  -0.0019964978
  -0.0018059557
  -0.0018542821
  -0.0096229882
  -0.0036043637
  -0.0044626135
  -0.0038705664
  -0.0066843053
  -0.0061184752
  -0.0116165482
  -0.0089200951
  -0.0097857213
  -0.0123619227
  -0.0068469944
  -0.0059947386
  -0.0062520535
  -0.0075917676
  -0.0033617055
  -0.0028796321
  -0.0029764302
  -0.0036318867
  -0.0003143601
   0.0002286612
   0.0004215874
   0.0002375588
  -0.0002657082
  -0.0010554420
   0.0030605960
   0.0035378955
   0.0038224016
   0.0037636434
   0.0034156374
   0.0029651557
   0.0060457867
   0.0063500824
   0.0068997531
   0.0072704390
   0.0072089380
   0.0067968746
   0.0063649641
   0.0086690730
   0.0093060800
   0.0095788694
   0.0091569914
   0.0099775234
   0.0111881412
   0.0111819313
   0.0097197119
   0.0101814989
   0.0116628983
   0.0084819237
   0.0095824562
   0.0108440644
   0.0059714392
   0.0071710594
   0.0083765496
   0.0093687515
   0.0090559278
   0.0087558736
   0.0032751270
   0.0046056186
   0.0056926471
   0.0062977745
   0.0063367324
   0.0060392251
  -0.0008050861
   0.0009397549
   0.0022735747
   0.0030912601
   0.0032778551
   0.0028998789
  -0.0048437583
  -0.0025880676
  -0.0007993535
   0.0001868154
   0.0001697710
  -0.0009252700
  -0.0094421126
  -0.0086491290
  -0.0062567301
  -0.0039666433
  -0.0025175296
  -0.0032624526
  -0.0058019733
  -0.0073176593
  -0.0050216317
  -0.0111685477
  -0.0126963743
  -0.0098333601
  -0.0082308275
  -0.0092730547
  -0.0080821788
  -0.0060746052
  -0.0051608702
  -0.0053659711
  -0.0038136310
  -0.0026097123
  -0.0019841261
  -0.0019174065
  -0.0024120209
  -0.0005554844
   0.0004175908
   0.0010874395
   0.0014165277
   0.0014048297
   0.0011347574
   0.0032002059
   0.0038971878
   0.0044875482
   0.0048056554
   0.0048181685
   0.0046971005
   0.0064152088
   0.0069150674
   0.0075918324
   0.0081003085
   0.0082100946
   0.0080084963
   0.0078655458
   0.0093325951
   0.0098104648
   0.0103975599
   0.0106326056
   0.0113353862
   0.0114287802
   0.0117440760
   0.0118203453
   0.0119906129
   0.0116197759
   0.0109289054
   0.0113588958
   0.0105862896
   0.0099783137
   0.0089094496
   0.0095096804
   0.0095458435
   0.0085422295
   0.0075503724
   0.0058839428
   0.0065631299
   0.0070415527
   0.0070202510
   0.0063870749
   0.0053347139
   0.0040474682
   0.0027906208
   0.0036419769
   0.0039175458
   0.0035012887
   0.0024380436
   0.0008198117
  -0.0093122079
  -0.0013035702
   0.0003350355
   0.0008474108
   0.0002234741
  -0.0014479408
  -0.0039565726
  -0.0085943803
  -0.0072003320
  -0.0059811293
  -0.0032912648
  -0.0020520999
  -0.0032782252
  -0.0058453360
  -0.0047552046
  -0.0100067453
  -0.0111920402
  -0.0084499372
  -0.0070674260
  -0.0142525607
  -0.0092568631
  -0.0065863659
  -0.0047456750
  -0.0039535708
  -0.0043314538
  -0.0042680301
  -0.0024807050
  -0.0012935213
  -0.0006979587
  -0.0007448189
  -0.0014409750
  -0.0005065932
   0.0008459610
   0.0018799550
   0.0025674029
   0.0027864105
   0.0025462512
   0.0020083631
   0.0038310999
   0.0047641185
   0.0056276719
   0.0061763981
   0.0062165703
   0.0058594998
   0.0054693931
   0.0072344804
   0.0080091616
   0.0089050629
   0.0088900903
   0.0083352027
   0.0098414534
   0.0102854546
   0.0104677439
   0.0099403143
   0.0114658062
   0.0107887223
   0.0101841220
   0.0118752547
   0.0116345066
   0.0102198458
   0.0092100905
   0.0105778216
   0.0102887643
   0.0088892244
   0.0076748963
   0.0067125238
   0.0079345158
   0.0078480210
   0.0076515972
   0.0070264357
   0.0059937203
   0.0048129014
   0.0036767195
   0.0050726537
   0.0049496196
   0.0047274508
   0.0041818195
   0.0032502604
   0.0020573787
   0.0007052757
   0.0018647368
   0.0016068141
   0.0008784792
  -0.0002795079
  -0.0017741856
  -0.0095307249
  -0.0012617819
  -0.0012253598
  -0.0020737954
  -0.0036152926
  -0.0055825637
  -0.0073007763
  -0.0086919686
  -0.0038970602
  -0.0051253695
  -0.0063887755
  -0.0104426537
  -0.0106729468
  -0.0117095724
  -0.0120349295
  -0.0106149611
  -0.0086468160
  -0.0088058206
  -0.0137049471
  -0.0128788826
  -0.0084093803
  -0.0063949060
  -0.0057820349
  -0.0069604620
  -0.0096658108
  -0.0036430288
  -0.0027617338
  -0.0030162198
  -0.0047061636
  -0.0081177446
   0.0003088846
   0.0006440300
   0.0002097226
  -0.0014641144
  -0.0050524486
   0.0039778805
   0.0040067228
   0.0037104350
  -0.0061252955
   0.0070039006
   0.0067872894
   0.0095195673
   0.0088505582
   0.0101523786
   0.0093810396
   0.0087937033
   0.0082812191
   0.0074023258
   0.0066961751
   0.0061931975
   0.0053808157
   0.0039543536
   0.0020811599
   0.0046223507
   0.0042381614
   0.0038427500
   0.0032557959
   0.0026323656
   0.0017714741
   0.0017809130
   0.0016982291
   0.0016522660
   0.0021423659
  -0.0006376655
  -0.0002929974
   0.0001676352
   0.0012513356
  -0.0014212707
  -0.0032894367
  -0.0024062809
  -0.0017644992
  -0.0046725263
  -0.0071813211
  -0.0046841293
  -0.0071067639
   0.0095795605
   0.0088524913
   0.0073927801
   0.0071494347
   0.0079813499
   0.0088581645
   0.0095094114
   0.0097536518
   0.0089916760
   0.0076754150
   0.0063999646
   0.0066787184
   0.0080967087
   0.0090682192
   0.0097105252
   0.0094428985
   0.0084872635
   0.0072233807
   0.0067425540
   0.0078782012
   0.0091559614
   0.0085172878
  -0.0006053691
  -0.0005767485
   0.0030466540
   0.0050717444
  -0.0001153447
   0.0037223252
   0.0060529688
   0.0075778271
  -0.0036093954
   0.0016057813
   0.0048642990
   0.0069674403
   0.0084862990
   0.0001798940
   0.0036712897
   0.0060432708
   0.0076820813
   0.0091568247
   0.0093082553
   0.0092799490
   0.0104772504
   0.0106968073
   0.0108467681
   0.0109172690
   0.0109583626
   0.0112456567
   0.0114519145
   0.0115912698
   0.0118748024
   0.0102963645
   0.0107610644
   0.0110876518
   0.0112614554
   0.0094346794
   0.0098750903
   0.0099942640
   0.0099534688
   0.0102054571
   0.0103077669
   0.0114764355
   0.0115478391
   0.0116736573
   0.0117280185
   0.0117754529
   0.0121803564
   0.0121692512
   0.0122311636
   0.0122221175
   0.0121810169
   0.0118475884
   0.0118942346
   0.0118002492
   0.0115799988
   0.0106359603
   0.0105852823
   0.0099237726
   0.0101483831
   0.0101602553
   0.0100207877
   0.0113078979
   0.0113127240
   0.0112518613
   0.0110730180
   0.0109062895
   0.0117816114
   0.0116129508
   0.0114312896
   0.0111378004
   0.0108127142
   0.0111727431
   0.0109251560
   0.0105807707
   0.0100546528
   0.0021053305
  -0.0018239539
   0.0068886760
   0.0053240375
   0.0026198773
  -0.0021253275
   0.0077112994
   0.0059634810
   0.0031880989
  -0.0014746113
   0.0082027263
   0.0066583120
   0.0043537750
   0.0006949914
   0.0070594514
   0.0054592474
   0.0031012711
  -0.0111528113
  -0.0118638548
  -0.0114202732
  -0.0106716633
  -0.0104294565
  -0.0109608526
  -0.0117241578
  -0.0123446820
  -0.0121374296
  -0.0117694238
  -0.0110750548
  -0.0103014742
  -0.0099236022
  -0.0099796825
  -0.0102348177
  -0.0107759840
  -0.0116261736
  -0.0123071424
  -0.0124835684
  -0.0124439138
  -0.0123541218
  -0.0123387019
  -0.0121567636
  -0.0116089241
  -0.0107604233
  -0.0099855121
  -0.0096863830
  -0.0098741445
  -0.0101600124
  -0.0102221116
  -0.0101718161
  -0.0104531100
  -0.0112446907
  -0.0121829256
  -0.0127867871
  -0.0128923554
  -0.0126794663
  -0.0120755005
  -0.0120708703
  -0.0122852152
  -0.0125075353
  -0.0124682429
  -0.0119776002
  -0.0110644230
  -0.0100488924
  -0.0094429805
  -0.0096089731
  -0.0101193480
  -0.0111905481
  -0.0123047500
  -0.0129792623
  -0.0130846661
  -0.0127798083
  -0.0123547388
  -0.0112155401
  -0.0112844468
  -0.0116610374
  -0.0121819959
  -0.0126060327
  -0.0126831056
  -0.0122389523
  -0.0112656151
  -0.0100026820
  -0.0089589376
  -0.0091808898
  -0.0106933752
  -0.0120435400
  -0.0128207733
  -0.0129573388
  -0.0126065904
  -0.0120284654
  -0.0114950902
  -0.0098954598
  -0.0100380139
  -0.0105503205
  -0.0112953914
  -0.0120590372
  -0.0125906158
  -0.0126543518
  -0.0120884571
  -0.0108746442
  -0.0092261507
  -0.0091711542
  -0.0110092945
  -0.0121015063
  -0.0124243569
  -0.0121371149
  -0.0114869833
  -0.0107454533
  -0.0101566985
  -0.0081908846
  -0.0084103910
  -0.0090455930
  -0.0099736206
  -0.0109977107
  -0.0118750197
  -0.0123512023
  -0.0121987454
  -0.0112596453
  -0.0095034927
  -0.0071339196
  -0.0060950021
  -0.0088725153
  -0.0105981395
  -0.0113385533
  -0.0112903689
  -0.0107075641
  -0.0098651826
  -0.0090278123
  -0.0084184338
  -0.0062065075
  -0.0065067903
  -0.0072566937
  -0.0083395879
  -0.0095673761
  -0.0107020541
  -0.0114817065
  -0.0116470102
  -0.0109649712
  -0.0092511342
  -0.0064086403
  -0.0050428336
  -0.0079446613
  -0.0094582208
  -0.0099118198
  -0.0096060556
  -0.0088332737
  -0.0078759102
  -0.0069907303
  -0.0063871710
  -0.0040582702
  -0.0044430628
  -0.0053014595
  -0.0065169256
  -0.0079023206
  -0.0092186624
  -0.0101968569
  -0.0105574619
  -0.0100217694
  -0.0083048850
  -0.0050776608
  -0.0035173718
  -0.0063881414
  -0.0077320898
  -0.0080025282
  -0.0075448771
  -0.0066669743
  -0.0056535797
  -0.0047572893
  -0.0041807019
  -0.0018553044
  -0.0023287270
  -0.0032913029
  -0.0046205888
  -0.0061227155
  -0.0075507063
  -0.0086247406
  -0.0090483043
  -0.0085103893
  -0.0066547897
  -0.0015425317
  -0.0043385517
  -0.0055906400
  -0.0057796596
  -0.0052606047
  -0.0043456600
  -0.0033218471
  -0.0024425576
  -0.0019096671
   0.0003144070
  -0.0002534109
  -0.0013190775
  -0.0027469554
  -0.0043275232
  -0.0057976027
  -0.0068618112
  -0.0072079704
  -0.0065042519
  -0.0043529108
  -0.0019944284
  -0.0032045978
  -0.0033922502
  -0.0028837472
  -0.0019841599
  -0.0009831375
  -0.0001403237
   0.0003368450
   0.0023887688
   0.0017174662
   0.0005444720
  -0.0009709355
  -0.0025918348
  -0.0040293830
  -0.0049695597
  -0.0050932130
  -0.0040790268
  -0.0015755299
   0.0003474788
  -0.0007637946
  -0.0009812673
  -0.0005286115
   0.0003217659
   0.0012816438
   0.0020797614
   0.0024956437
   0.0043195140
   0.0035309629
   0.0022391373
   0.0006437610
  -0.0009743119
  -0.0022918011
  -0.0029845592
  -0.0027685388
  -0.0014496891
   0.0014317240
   0.0012719626
   0.0016750039
   0.0024705365
   0.0033925084
   0.0041554431
   0.0045157675
   0.0060391675
   0.0051148193
   0.0036847918
   0.0020186698
   0.0004635317
  -0.0006276501
  -0.0009807727
  -0.0005158040
   0.0027058804
   0.0030099394
   0.0035037941
   0.0042963665
   0.0052200059
   0.0059884396
   0.0063215518
   0.0063332799
   0.0047376378
   0.0030253079
   0.0016246702
   0.0008282879
   0.0005846528
   0.0032975269
   0.0044435512
   0.0054594568
   0.0065036838
   0.0053503759
   0.0036945936
   0.0024459740
   0.0014832832
   0.0036657441
   0.0055013256
   0.0050798505
   0.0033962505
   0.0017325140
   0.0029591021
   0.0055050274
   0.0057603780
   0.0037197621
   0.0028543187
   0.0045886982
  -0.0103308997
  -0.0106636547
  -0.0104910365
  -0.0109976618
  -0.0113656115
   0.0015398577
  -0.0008300162
   0.0019463751
  -0.0007564677
  -0.0052890278
  -0.0023701353
  -0.0038766065
  -0.0099806968
  -0.0090173756
  -0.0087405488
  -0.0099361838
  -0.0081574412
  -0.0071348492
  -0.0072031718
  -0.0082697522
  -0.0098833079
  -0.0113989603
  -0.0073031902
  -0.0057496263
  -0.0051274979
  -0.0053520347
  -0.0058758816
  -0.0040049740
  -0.0030997325
  -0.0029359825
  -0.0067783753
  -0.0035734978
  -0.0017209021
  -0.0008110102
  -0.0005136488
  -0.0039019937
  -0.0009581649
   0.0006896621
   0.0015264451
   0.0019299188
  -0.0034373138
   0.0002217038
   0.0022975277
   0.0033786662
   0.0039797618
   0.0044809538
   0.0047553977
   0.0054766670
   0.0061069412
   0.0064246775
   0.0071259384
   0.0061651866
   0.0069139372
   0.0078074339
  -0.0009315776
   0.0018283134
   0.0038757169
   0.0052044701
   0.0060753248
   0.0068935415
   0.0006722774
   0.0023453153
   0.0036764919
   0.0046190875
   0.0053695973
   0.0004822239
   0.0013918510
   0.0023901835
   0.0031990991
   0.0038474565
   0.0004430700
   0.0005472562
   0.0010923039
   0.0016561630
   0.0020884115
   0.0006132028
  -0.0000330352
  -0.0002873381
  -0.0001029980
   0.0001694247
   0.0002599064
  -0.0015783288
  -0.0014386863
  -0.0013721324
  -0.0014318021
  -0.0069275358
  -0.0025766005
  -0.0032057238
  -0.0028066972
  -0.0048016744
  -0.0043861777
  -0.0096808441
  -0.0076269386
  -0.0081926052
  -0.0101518985
  -0.0062058776
  -0.0054438476
  -0.0055452461
  -0.0064795124
  -0.0036335723
  -0.0031504087
  -0.0031371013
  -0.0035706391
  -0.0015143657
  -0.0009665816
  -0.0007283168
  -0.0007867769
  -0.0011132481
  -0.0017020799
   0.0009204809
   0.0013843908
   0.0016545287
   0.0016947073
   0.0015328048
   0.0012389509
   0.0033132530
   0.0037087320
   0.0040145693
   0.0041276659
   0.0040409959
   0.0038483755
   0.0036777877
   0.0053293784
   0.0056547326
   0.0060734924
   0.0063662718
   0.0064120535
   0.0062517356
   0.0060608740
   0.0060545326
   0.0071372779
   0.0076034489
   0.0080892362
   0.0083190504
   0.0080903182
   0.0079215215
   0.0081015531
   0.0080212966
   0.0085403086
   0.0094746010
   0.0092291230
   0.0092689315
   0.0079008722
   0.0083145871
   0.0090131126
   0.0098239299
   0.0096663961
   0.0099710206
   0.0073843939
   0.0081141659
   0.0088875320
   0.0094466032
   0.0092857739
   0.0094723960
   0.0057429964
   0.0065091935
   0.0073091866
   0.0079483617
   0.0082638928
   0.0082632426
   0.0081447917
   0.0081887879
   0.0040019700
   0.0049032676
   0.0057053216
   0.0062653623
   0.0064930807
   0.0064645604
   0.0063777613
   0.0021455228
   0.0031224875
   0.0038843866
   0.0043398753
   0.0044621979
   0.0043376610
  -0.0006620992
   0.0005898251
   0.0015569255
   0.0021606587
   0.0023412149
   0.0021107772
  -0.0048996895
  -0.0033951254
  -0.0018382690
  -0.0005654698
   0.0001605324
   0.0001810997
  -0.0005754496
  -0.0066532378
  -0.0060960076
  -0.0043953954
  -0.0027785741
  -0.0017345936
  -0.0022325412
  -0.0040164789
  -0.0051372869
  -0.0035040953
  -0.0091832341
  -0.0103922838
  -0.0081579431
  -0.0069233470
  -0.0068243379
  -0.0053121166
  -0.0046111755
  -0.0047528309
  -0.0036645787
  -0.0027369130
  -0.0022524135
  -0.0021972683
  -0.0025803043
  -0.0013124687
  -0.0005347243
  -0.0000179596
   0.0002374567
   0.0002376017
   0.0000092192
   0.0014419876
   0.0019933302
   0.0024149208
   0.0026558479
   0.0027123149
   0.0026538427
   0.0040376362
   0.0044539961
   0.0048246397
   0.0050459207
   0.0050970262
   0.0050707591
   0.0051330964
   0.0061591806
   0.0063294454
   0.0067093866
   0.0070922784
   0.0073054223
   0.0073040792
   0.0072111086
   0.0072680514
   0.0081388973
   0.0082280980
   0.0086166256
   0.0090223030
   0.0092213822
   0.0091471962
   0.0089334708
   0.0088573325
   0.0094032681
   0.0096829250
   0.0101960713
   0.0098632562
   0.0097997360
   0.0099259128
   0.0099451712
   0.0103476171
   0.0102323220
   0.0098592937
   0.0099025068
   0.0095270956
   0.0095202987
   0.0098825463
   0.0095412319
   0.0090674008
   0.0083287130
   0.0086501279
   0.0089494806
   0.0089845875
   0.0086703936
   0.0081232168
   0.0075589238
   0.0065014084
   0.0068440702
   0.0071036919
   0.0070877132
   0.0067252739
   0.0061136838
   0.0054003751
   0.0042409781
   0.0047238779
   0.0049951203
   0.0049468345
   0.0045330783
   0.0038169851
   0.0028598198
   0.0020491049
   0.0026575423
   0.0028325561
   0.0025357387
   0.0017833244
   0.0006134491
  -0.0065718626
  -0.0008331251
   0.0003275388
   0.0006858491
   0.0002350393
  -0.0009607183
  -0.0027292143
  -0.0060307038
  -0.0050542829
  -0.0041436383
  -0.0022408919
  -0.0013727790
  -0.0022546489
  -0.0040848621
  -0.0033026571
  -0.0083320453
  -0.0091697603
  -0.0070695675
  -0.0060996656
  -0.0115446761
  -0.0075829386
  -0.0056129553
  -0.0042835113
  -0.0037692379
  -0.0041748886
  -0.0038857356
  -0.0025796421
  -0.0017390512
  -0.0013697071
  -0.0015076464
  -0.0021917983
  -0.0011713701
  -0.0001525670
   0.0005748446
   0.0010061033
   0.0010951691
   0.0008342109
   0.0002485962
   0.0020069272
   0.0026886487
   0.0032244691
   0.0035274860
   0.0035295892
   0.0032686127
   0.0028627730
   0.0043041528
   0.0047881017
   0.0053038896
   0.0057311907
   0.0059205823
   0.0058131496
   0.0055033198
   0.0051918910
   0.0068306666
   0.0072403625
   0.0077000946
   0.0079732169
   0.0079088176
   0.0075522554
   0.0071329824
   0.0085233780
   0.0087236900
   0.0091337092
   0.0085260775
   0.0080930815
   0.0095477874
   0.0097135011
   0.0087639998
   0.0082832766
   0.0098627518
   0.0096734344
   0.0098244687
   0.0085058163
   0.0078305017
   0.0091530329
   0.0089104145
   0.0089164848
   0.0088339313
   0.0084542232
   0.0077806260
   0.0069935494
   0.0063155183
   0.0076843996
   0.0074420032
   0.0073082097
   0.0070399510
   0.0065189638
   0.0057925466
   0.0050052810
   0.0042786940
   0.0056752365
   0.0054652335
   0.0051817440
   0.0046889869
   0.0039806696
   0.0031477202
   0.0022707644
   0.0034686588
   0.0032373210
   0.0027982102
   0.0021251831
   0.0012681777
   0.0002857619
   0.0012870783
   0.0010703867
   0.0005255669
  -0.0003109209
  -0.0013674147
  -0.0054305728
  -0.0068433682
  -0.0009103176
  -0.0009092016
  -0.0015334908
  -0.0026262795
  -0.0039863756
  -0.0052387831
  -0.0027943025
  -0.0036848771
  -0.0045646373
  -0.0091364983
  -0.0096064296
  -0.0103055674
  -0.0102099704
  -0.0089905325
  -0.0076514704
  -0.0080305312
  -0.0113280465
  -0.0105056434
  -0.0089679224
  -0.0071750557
  -0.0058840372
  -0.0056774404
  -0.0067995866
  -0.0089559838
  -0.0038180009
  -0.0033775952
  -0.0038313777
  -0.0053424634
  -0.0079737133
  -0.0010395391
  -0.0009898489
  -0.0016299920
  -0.0032099571
  -0.0060442897
   0.0016221531
   0.0014920205
   0.0009033432
  -0.0004497703
  -0.0030213739
   0.0041906003
   0.0038401934
   0.0033003311
   0.0022365241
   0.0001670974
  -0.0034465840
   0.0061021803
   0.0055467423
   0.0048788346
   0.0071614874
   0.0065515950
   0.0075191880
   0.0068822018
   0.0074298999
   0.0067022941
   0.0060334696
   0.0050221391
   0.0033520162
   0.0008736276
   0.0060295758
   0.0054173809
   0.0047142765
   0.0036721085
   0.0022319854
   0.0048256122
   0.0043076991
   0.0038323409
   0.0032500538
   0.0025637612
   0.0020731028
   0.0029457873
   0.0026789101
   0.0024145297
   0.0021583421
   0.0021215749
   0.0009714312
   0.0010289777
   0.0010553820
   0.0012118398
   0.0018511308
  -0.0006146278
  -0.0002820150
   0.0001831593
   0.0010504324
  -0.0010106501
  -0.0024571081
  -0.0017747673
  -0.0012438144
  -0.0033838468
  -0.0052286432
  -0.0034093014
  -0.0051741876
   0.0076471383
   0.0071202942
   0.0067250785
   0.0072999554
   0.0076701198
   0.0076883754
   0.0071384518
   0.0062157264
   0.0064464450
   0.0072403194
   0.0076927235
   0.0073647239
   0.0066482485
   0.0060945108
   0.0071396905
   0.0065871602
  -0.0000936658
   0.0024501786
  -0.0031571855
   0.0007830052
   0.0033226655
   0.0050485561
  -0.0013810890
   0.0019325728
   0.0041783119
   0.0057895629
   0.0030720227
   0.0048806762
   0.0090008900
   0.0091556566
   0.0092902537
   0.0092120394
   0.0094236222
   0.0096138051
   0.0097919269
   0.0091130752
   0.0093775315
   0.0095857168
   0.0099265196
   0.0099875723
   0.0100461579
   0.0103692279
   0.0103656023
   0.0103844021
   0.0103959170
   0.0102484933
   0.0102458810
   0.0102097817
   0.0087931437
   0.0087258367
   0.0095874791
   0.0094865262
   0.0093410111
   0.0098283769
   0.0096474584
   0.0094286258
   0.0093527986
   0.0090664609
   0.0044714174
   0.0025536005
  -0.0004212505
   0.0051989509
   0.0033252254
   0.0005073844
   0.0057369201
   0.0041106908
   0.0017772830
