  -0.0207598168
  -0.0209995420
  -0.0202524566
  -0.0189438552
  -0.0180076540
  -0.0194975627
  -0.0209591617
  -0.0193985345
  -0.0183164804
  -0.0177493782
  -0.0171990289
  -0.0153137556
  -0.0122600570
  -0.0120058880
  -0.0147787765
  -0.0170961391
  -0.0188291645
  -0.0200881432
  -0.0202837417
  -0.0167070335
  -0.0149657529
  -0.0138084879
  -0.0134533399
  -0.0134790409
  -0.0128857202
  -0.0103021619
  -0.0125269893
  -0.0144424882
  -0.0159289338
  -0.0175237863
  -0.0188138693
  -0.0191714640
  -0.0183533510
  -0.0137058645
  -0.0112019902
  -0.0092153527
  -0.0081155116
  -0.0079152665
  -0.0082563233
  -0.0084259158
  -0.0073363189
  -0.0032235285
  -0.0122766098
  -0.0129485702
  -0.0142371290
  -0.0159849067
  -0.0175527269
  -0.0182774744
  -0.0177822195
  -0.0161138735
  -0.0110960116
  -0.0077073936
  -0.0047987457
  -0.0027965109
  -0.0018539246
  -0.0018678704
  -0.0024981489
  -0.0031036968
  -0.0026710683
  -0.0115420926
  -0.0123077523
  -0.0141316266
  -0.0162051915
  -0.0176872100
  -0.0179637098
  -0.0167943821
  -0.0143424637
  -0.0093811780
  -0.0052930412
  -0.0015666906
   0.0013936531
   0.0033935159
   0.0043883804
   0.0043830696
   0.0035025666
   0.0022349737
   0.0014182067
  -0.0114735349
  -0.0113699132
  -0.0129440652
  -0.0152509312
  -0.0173424093
  -0.0184636990
  -0.0181670055
  -0.0163568215
  -0.0132679158
  -0.0087801149
  -0.0039893795
   0.0005399491
   0.0044256880
   0.0075055778
   0.0097071883
   0.0057851279
   0.0033682200
  -0.0116987595
  -0.0135961831
  -0.0162242048
  -0.0184806756
  -0.0195680789
  -0.0190507993
  -0.0168643495
  -0.0132735867
  -0.0091917232
  -0.0038814222
   0.0013021773
   0.0060238561
   0.0102046124
   0.0046155730
  -0.0118978043
  -0.0138940026
  -0.0168415618
  -0.0194106153
  -0.0206980142
  -0.0202284319
  -0.0179309235
  -0.0140798958
  -0.0102217336
  -0.0046307283
   0.0009963773
   0.0063710631
  -0.0126690003
  -0.0160650294
  -0.0192536686
  -0.0211174979
  -0.0210797430
  -0.0190281614
  -0.0152316933
  -0.0112653200
  -0.0054592383
   0.0005563399
   0.0064609248
  -0.0158674075
  -0.0194058382
  -0.0207306326
  -0.0195848352
  -0.0162251887
  -0.0116275029
  -0.0061462686
  -0.0002922283
   0.0054070481
  -0.0140721183
  -0.0177446504
  -0.0182410658
  -0.0159567659
  -0.0106569938
  -0.0056130441
  -0.0001042397
   0.0046435307
   0.0061010776
  -0.0087318017
  -0.0137603014
  -0.0138745309
  -0.0078806842
  -0.0036615118
   0.0007472031
   0.0025627790
  -0.0085331118
  -0.0031837161
  -0.0006905310
  -0.0142337360
  -0.0123107084
  -0.0151615139
  -0.0130344734
  -0.0149971368
  -0.0127484298
   0.0035232560
   0.0002089044
   0.0010876853
  -0.0050916605
  -0.0100414866
   0.0031930934
  -0.0021898887
  -0.0075552929
   0.0069480108
   0.0023796870
   0.0002753852
   0.0074700992
   0.0030862081
  -0.0008793440
  -0.0034212646
  -0.0048780677
  -0.0057936080
   0.0116323953
  -0.0040644369
  -0.0062960585
  -0.0076540040
  -0.0088408064
  -0.0110492901
   0.0094861550
   0.0101476427
  -0.0082106814
  -0.0097772539
  -0.0105999469
  -0.0111202048
   0.0038201098
   0.0051535803
   0.0055049442
   0.0057582342
   0.0065825653
  -0.0129956400
  -0.0133052788
  -0.0131030078
   0.0021469753
   0.0023057974
   0.0020610151
   0.0018783356
   0.0020530298
  -0.0159270059
   0.0008984408
  -0.0005258632
  -0.0014054965
  -0.0018804508
   0.0027462097
  -0.0013473690
  -0.0035109972
  -0.0048735085
  -0.0052418614
  -0.0073205716
  -0.0083501005
  -0.0104815047
  -0.0137305991
   0.0094667270
   0.0063286864
   0.0025241520
   0.0107876065
   0.0029986639
  -0.0001399790
  -0.0029258252
   0.0107796560
   0.0004844796
  -0.0017281220
  -0.0048126985
  -0.0075973589
   0.0076582509
   0.0076059620
  -0.0031516584
  -0.0070607954
  -0.0104454661
   0.0036227908
   0.0039575002
  -0.0043751487
  -0.0091035802
  -0.0126228056
  -0.0006328108
   0.0001945231
   0.0006856340
  -0.0133183150
  -0.0160466488
  -0.0044048017
  -0.0029736756
  -0.0017366910
  -0.0066506020
  -0.0045691835
  -0.0024343801
  -0.0097985369
  -0.0074994658
  -0.0044838167
  -0.0138813118
  -0.0119558058
  -0.0094968332
  -0.0100362745
  -0.0138666869
  -0.0122210414
  -0.0141936793
  -0.0165132810
  -0.0145661647
  -0.0103245254
  -0.0064011419
  -0.0118174989
  -0.0095071201
  -0.0124455265
  -0.0115716490
  -0.0047738283
  -0.0100369382
  -0.0128999335
  -0.0081632272
  -0.0118988741
  -0.0144701526
  -0.0153813012
  -0.0153068549
  -0.0090536931
  -0.0115600108
  -0.0144386515
  -0.0165274864
  -0.0170728282
  -0.0160237281
  -0.0141752719
  -0.0080949159
  -0.0089712232
  -0.0111526710
  -0.0139332468
  -0.0163730949
  -0.0176004862
  -0.0170761100
  -0.0147695852
  -0.0112559394
  -0.0085514945
  -0.0076649367
  -0.0077330974
  -0.0089424361
  -0.0111462689
  -0.0137581531
  -0.0159519524
  -0.0169133996
  -0.0160635510
  -0.0131911116
  -0.0084343456
  -0.0124939349
  -0.0098844928
  -0.0054340940
  -0.0083737738
  -0.0082042436
  -0.0084176442
  -0.0095577408
  -0.0115301333
  -0.0137254605
  -0.0152623424
  -0.0152814459
  -0.0131836159
  -0.0086811122
  -0.0013525956
  -0.0137091433
  -0.0140787226
  -0.0128944274
  -0.0112584950
  -0.0105718674
  -0.0106925929
  -0.0106498621
  -0.0103094460
  -0.0102066599
  -0.0108129036
  -0.0120980422
  -0.0134931827
  -0.0141206698
  -0.0131229665
  -0.0099080429
  -0.0040890256
  -0.0093223560
  -0.0136339213
  -0.0156281417
  -0.0157869902
  -0.0150738548
  -0.0142226736
  -0.0133461493
  -0.0126689297
  -0.0125856922
  -0.0130599609
  -0.0133686783
  -0.0124300998
  -0.0093681942
  -0.0038533016
  -0.0029827875
  -0.0085206196
  -0.0136528855
  -0.0162284116
  -0.0164880857
  -0.0155875756
  -0.0145319866
  -0.0138852851
  -0.0131358882
  -0.0109031830
  -0.0066068143
  -0.0023190497
  -0.0094281565
  -0.0135290479
  -0.0156894690
  -0.0149320581
  -0.0131512930
  -0.0100557059
  -0.0133251361
  -0.0118388076
  -0.0106544491
  -0.0092768902
  -0.0097883297
  -0.0085468827
  -0.0080059803
   0.0005216291
  -0.0006951476
   0.0001010553
  -0.0009059813
   0.0013415184
   0.0038173002
  -0.0005092179
   0.0028823428
   0.0058770043
   0.0089549860
  -0.0031452849
   0.0019066067
   0.0060066570
   0.0092626130
   0.0119406535
   0.0144442191
  -0.0002395244
   0.0150098929
   0.0144970365
  -0.0095613719
  -0.0110737910
   0.0115999113
   0.0078920765
   0.0032906584
  -0.0013684749
  -0.0052156620
  -0.0078712030
  -0.0093980845
   0.0084808591
   0.0041713823
  -0.0001533274
  -0.0038399087
  -0.0064875894
  -0.0079767901
   0.0059542453
   0.0013335385
  -0.0028985694
  -0.0060588085
   0.0019014071
  -0.0027970869
  -0.0078166629
  -0.0044260566
  -0.0012063611
   0.0019220982
   0.0057761040
  -0.0020230766
  -0.0024861346
  -0.0016376369
   0.0005911636
   0.0037475906
   0.0074715268
   0.0112990501
   0.0146871834
  -0.0011315688
  -0.0015606067
   0.0000204537
   0.0026585800
   0.0059796872
   0.0097626790
   0.0134698556
   0.0174590643
   0.0176629144
   0.0003021180
   0.0030465980
   0.0063695123
   0.0102765447
   0.0162574873
   0.0137580963
   0.0044321199
   0.0077298249
   0.0115426798
   0.0125775105
   0.0088365057
   0.0051277895
   0.0106476510
   0.0140760777
   0.0085240415
   0.0043656968
   0.0003717843
  -0.0036423879
   0.0139336535
   0.0068943101
   0.0026165815
  -0.0013826200
  -0.0052035740
  -0.0087576839
  -0.0118243425
   0.0157754220
   0.0154392474
   0.0105173327
   0.0061685964
   0.0017484279
  -0.0024233406
  -0.0062993059
  -0.0097371475
   0.0129658240
   0.0098153348
   0.0058137060
   0.0014236582
  -0.0028630036
  -0.0068058449
   0.0107153288
   0.0064571889
   0.0080843568
   0.0125129938
   0.0147483621
   0.0138327561
   0.0023154910
   0.0031640369
   0.0058871644
   0.0101097721
   0.0171662005
  -0.0003440603
   0.0013809509
   0.0041224625
   0.0078676675
   0.0123541039
   0.0178224116
  -0.0024582990
  -0.0013345211
   0.0007158493
   0.0039232522
   0.0079473327
   0.0123132981
   0.0161926487
   0.0155390319
  -0.0028771256
  -0.0030389777
  -0.0020829528
   0.0043333150
   0.0086764265
   0.0127416780
   0.0161215606
   0.0128467378
   0.0115098069
  -0.0014641981
   0.0175924113
   0.0179313623
   0.0109338062
   0.0085554224
   0.0069325916
   0.0152921371
   0.0128523924
   0.0103004576
   0.0077077707
   0.0053050328
   0.0032731478
   0.0016592685
   0.0079850676
   0.0050240185
   0.0024397751
   0.0001687436
  -0.0018793234
   0.0014429265
  -0.0012570207
  -0.0035900672
  -0.0057877337
  -0.0048312816
  -0.0072293362
  -0.0094932995
  -0.0126335901
   0.0109091258
   0.0072285482
   0.0071845362
   0.0110253711
   0.0143924998
   0.0113190791
   0.0040166346
   0.0028463269
   0.0038207303
   0.0155028760
   0.0168000178
   0.0116173316
   0.0070534071
   0.0015778797
   0.0002984227
  -0.0002093494
   0.0174620248
   0.0115975487
   0.0073831631
   0.0038951764
   0.0000334730
  -0.0008852246
  -0.0018919799
   0.0161313208
   0.0129194641
   0.0091303403
   0.0051211964
   0.0018637862
  -0.0000357737
  -0.0009845519
   0.0117109401
   0.0122147393
   0.0155023066
   0.0143920797
   0.0070380445
   0.0071760539
   0.0081303666
   0.0095057470
   0.0109647355
   0.0124082163
   0.0140254329
   0.0023679272
   0.0022251597
   0.0027418119
   0.0037644828
   0.0051985777
   0.0070523192
   0.0095718673
  -0.0023965398
  -0.0018734952
  -0.0010022981
   0.0002673108
   0.0020822553
  -0.0064331654
  -0.0056415996
  -0.0046995947
  -0.0034134083
  -0.0096803361
  -0.0088001792
  -0.0122480143
   0.0005651073
   0.0001340918
   0.0126480935
   0.0090871921
   0.0052774893
   0.0021369276
   0.0002373335
   0.0149092481
   0.0136721375
   0.0074716615
   0.0033244351
   0.0004216481
   0.0126492122
   0.0005226350
   0.0084068933
   0.0108232357
  -0.0029677754
   0.0002530437
   0.0028710763
   0.0054561593
  -0.0040827290
  -0.0015105559
   0.0008280559
   0.0030088477
  -0.0107711370
  -0.0082600065
  -0.0058863625
  -0.0038689141
  -0.0023831649
  -0.0018313034
  -0.0032523779
  -0.0129914808
  -0.0108429225
  -0.0087100236
  -0.0069503102
  -0.0061309255
  -0.0072161131
  -0.0087724916
  -0.0082303153
  -0.0183397479
  -0.0159146095
  -0.0162564536
  -0.0139322735
  -0.0138440987
  -0.0119168950
  -0.0109980714
  -0.0106949915
  -0.0146499786
  -0.0104281308
  -0.0082230364
  -0.0072699186
  -0.0066266797
  -0.0129645602
  -0.0067742898
  -0.0043006366
  -0.0031156364
  -0.0022706385
  -0.0010917659
  -0.0109113304
  -0.0114544561
  -0.0121134544
   0.0001681273
   0.0016048473
   0.0023818963
   0.0032523637
   0.0049616244
  -0.0068675546
  -0.0084743785
  -0.0093738802
  -0.0104459696
   0.0081371813
   0.0094556392
  -0.0032493043
  -0.0053978724
  -0.0065738314
  -0.0075339061
  -0.0088122383
   0.0115605027
   0.0079269803
   0.0036426897
  -0.0002193862
  -0.0024149877
  -0.0030868923
  -0.0022230386
   0.0075205785
   0.0032147331
   0.0019772618
  -0.0183651054
  -0.0163912232
  -0.0145051319
  -0.0148606044
  -0.0129578636
  -0.0115964228
  -0.0112530179
  -0.0116555680
  -0.0098813581
  -0.0088479680
  -0.0090955527
  -0.0079977437
  -0.0063373333
  -0.0052047426
  -0.0049749290
  -0.0065898155
  -0.0075791772
  -0.0114540462
  -0.0041626919
  -0.0026063912
  -0.0010760212
   0.0002465093
  -0.0000728167
   0.0006511856
   0.0001602998
  -0.0022289191
  -0.0056676086
  -0.0091746633
   0.0015523385
   0.0029014940
   0.0023326533
   0.0003437497
  -0.0020631303
  -0.0050712607
  -0.0082777419
   0.0066129139
   0.0075905640
   0.0024837573
  -0.0005280878
  -0.0034667057
  -0.0062822842
   0.0105416894
   0.0048011782
   0.0010358321
  -0.0019670723
   0.0114182854
   0.0074026002
   0.0034181244
   0.0100956952
   0.0108733876
   0.0104357558
   0.0095473903
   0.0081872553
   0.0116592734
   0.0121494784
   0.0120970194
   0.0115013003
   0.0103185262
   0.0084336599
   0.0113243608
   0.0122496872
   0.0123607661
   0.0117255654
   0.0102748157
   0.0077309284
   0.0082193450
   0.0106772766
   0.0116185583
   0.0113895687
   0.0100186480
   0.0072511890
   0.0078069105
   0.0098592568
   0.0096639527
   0.0074460690
   0.0071999828
   0.0069368431
   0.0064224526
   0.0027502620
   0.0064603642
   0.0090324773
   0.0085475081
   0.0053942037
   0.0025799674
  -0.0037810188
   0.0012615175
   0.0063779821
   0.0093114784
   0.0106544773
   0.0107595039
  -0.0042113833
   0.0005801497
   0.0057498542
   0.0084204659
   0.0099011336
   0.0110844760
   0.0022994957
   0.0057907542
   0.0073783723
   0.0088141898
   0.0062194122
   0.0096245983
   0.0067825036
   0.0033378813
   0.0064879530
   0.0031696599
   0.0034270183
   0.0081855252
   0.0112205084
   0.0010326653
   0.0058954517
   0.0094642050
   0.0120379962
   0.0138132670
   0.0022071895
   0.0072748602
   0.0104465221
   0.0121449104
   0.0123661297
  -0.0043636577
   0.0040386421
   0.0084920639
   0.0100400972
   0.0088852843
  -0.0014872834
   0.0051183430
   0.0062925852
   0.0027432588
   0.0012248138
   0.0143595415
   0.0163203942
   0.0174896213
   0.0137803274
   0.0157651739
   0.0168207096
   0.0170299566
   0.0165170671
   0.0144255028
   0.0160312191
   0.0167986485
   0.0166894622
   0.0156809653
   0.0137271379
   0.0155903296
   0.0163860182
   0.0163966253
   0.0154633280
   0.0134608835
   0.0160028106
   0.0160243626
   0.0154961116
   0.0139333235
   0.0150201734
   0.0128536658
   0.0152933967
   0.0160930933
   0.0170953480
   0.0170009333
   0.0155287555
   0.0172583967
   0.0177189642
   0.0176205519
   0.0180026499
   0.0150486088
   0.0169986168
   0.0177546874
   0.0176811174
   0.0171582677
   0.0167005601
   0.0175404757
   0.0176541528
   0.0171064594
   0.0161549446
   0.0150592871
   0.0176054791
   0.0163354375
   0.0147989176
   0.0130820405
   0.0145488649
   0.0120666441
   0.0162463223
   0.0159883461
   0.0144452237
   0.0172109539
   0.0167661006
   0.0165571116
   0.0160892622
   0.0147617885
   0.0122046880
   0.0164173132
   0.0158525766
   0.0158714185
   0.0159827168
   0.0158361635
   0.0150620853
   0.0138236160
   0.0136796032
   0.0140851607
   0.0146671216
   0.0152403479
   0.0156070878
   0.0115642553
   0.0128534297
   0.0115064263
   0.0137648260
   0.0125372295
   0.0107966242
   0.0083065327
   0.0113897238
   0.0110708301
   0.0099493390
   0.0079306690
   0.0051247433
   0.0019525231
   0.0085231480
   0.0082616959
   0.0068717690
   0.0043869944
   0.0010767523
   0.0046598982
   0.0046040417
   0.0029425365
  -0.0003284288
  -0.0013355859
  -0.0055429969
   0.0026971393
   0.0043202455
   0.0056306052
   0.0037868917
   0.0058848802
   0.0074567762
   0.0087978388
   0.0103599663
   0.0104301922
   0.0015964928
   0.0039911927
   0.0065614984
   0.0085454562
   0.0099383315
   0.0108558272
   0.0092090595
   0.0065765463
   0.0049509689
   0.0059123686
   0.0081786706
   0.0096623040
   0.0079295522
   0.0004271498
  -0.0013786169
  -0.0048058155
   0.0004416101
  -0.0004252621
   0.0047160583
   0.0038784644
   0.0022560207
   0.0054883823
   0.0046263138
   0.0040043846
   0.0080128519
   0.0075126351
   0.0066123829
   0.0080345597
   0.0067329546
   0.0099876031
   0.0091230441
   0.0091559633
   0.0105432346
  -0.0154349153
  -0.0160107365
  -0.0151203458
  -0.0138329896
  -0.0133600900
  -0.0148489135
  -0.0160737205
  -0.0154428609
  -0.0145299569
  -0.0137471409
  -0.0128414085
  -0.0111819352
  -0.0092272628
  -0.0093819178
  -0.0116319129
  -0.0136910384
  -0.0151246646
  -0.0160015698
  -0.0160957208
  -0.0141041148
  -0.0129083806
  -0.0119509285
  -0.0113475420
  -0.0108499182
  -0.0098753883
  -0.0076928696
  -0.0105416392
  -0.0123953388
  -0.0136737657
  -0.0147629192
  -0.0155371775
  -0.0157106772
  -0.0151699010
  -0.0123807212
  -0.0107872174
  -0.0094321354
  -0.0085242720
  -0.0080662015
  -0.0078292006
  -0.0073525672
  -0.0059332657
  -0.0025424723
  -0.0110909602
  -0.0119938769
  -0.0129534031
  -0.0140099646
  -0.0148873597
  -0.0152531398
  -0.0149070684
  -0.0138716507
  -0.0106386778
  -0.0086006341
  -0.0067769208
  -0.0054030452
  -0.0045790566
  -0.0042541356
  -0.0042220172
  -0.0041042962
  -0.0033100668
  -0.0008798552
  -0.0111005629
  -0.0113262689
  -0.0120593355
  -0.0131403533
  -0.0142067701
  -0.0148721740
  -0.0148560309
  -0.0140570017
  -0.0125679703
  -0.0091807609
  -0.0067708308
  -0.0045198646
  -0.0026516016
  -0.0013006287
  -0.0005097346
  -0.0002388428
  -0.0003558263
  -0.0006011021
  -0.0005583149
   0.0003832418
  -0.0113180435
  -0.0109683344
  -0.0114776609
  -0.0125364942
  -0.0137302929
  -0.0146519194
  -0.0149844634
  -0.0145515911
  -0.0133357658
  -0.0114661626
  -0.0082074403
  -0.0053823248
  -0.0026744305
  -0.0003064789
   0.0015766041
   0.0028979958
   0.0036192352
   0.0037343159
   0.0033270243
   0.0026418670
   0.0020606180
  -0.0112811008
  -0.0109816647
  -0.0117115943
  -0.0129701541
  -0.0142503244
  -0.0151237022
  -0.0152913092
  -0.0146084525
  -0.0130862794
  -0.0108715066
  -0.0077908581
  -0.0046075933
  -0.0014890569
   0.0013472957
   0.0037596778
   0.0056586957
   0.0069482134
   0.0074898264
   0.0061315949
   0.0046452829
   0.0030132277
  -0.0111226998
  -0.0119794215
  -0.0133977913
  -0.0147857301
  -0.0156827287
  -0.0157870983
  -0.0149641710
  -0.0132375960
  -0.0107637422
  -0.0078672944
  -0.0044092228
  -0.0009525211
   0.0022913677
   0.0051894548
   0.0076464447
   0.0037367655
  -0.0110247508
  -0.0118745839
  -0.0134508794
  -0.0150300230
  -0.0160828534
  -0.0162760044
  -0.0154634656
  -0.0136682788
  -0.0110514160
  -0.0082497156
  -0.0046235743
  -0.0009255575
   0.0026326449
   0.0059186750
  -0.0107853054
  -0.0125632686
  -0.0144957471
  -0.0159149280
  -0.0164157059
  -0.0158176953
  -0.0141317619
  -0.0115209032
  -0.0086582399
  -0.0049924254
  -0.0011742323
   0.0025640833
   0.0060571452
  -0.0097699937
  -0.0123972273
  -0.0145512952
  -0.0157013436
  -0.0156123581
  -0.0142770989
  -0.0118639428
  -0.0087631693
  -0.0050704420
  -0.0011365556
   0.0027089346
   0.0061604512
  -0.0102851703
  -0.0130958354
  -0.0142589887
  -0.0137593424
  -0.0118049879
  -0.0082335912
  -0.0048175549
  -0.0010765754
   0.0024710505
   0.0052705370
   0.0032579689
  -0.0071114282
  -0.0106946750
  -0.0117474764
  -0.0107455523
  -0.0067868313
  -0.0038656399
  -0.0005582097
   0.0021961482
   0.0034934703
   0.0026769522
  -0.0073533593
  -0.0083138694
  -0.0042475551
  -0.0020980657
   0.0003352900
   0.0011942155
  -0.0037224810
  -0.0122473383
  -0.0114331325
  -0.0144545029
  -0.0131567437
  -0.0119894799
   0.0010049192
   0.0017704115
  -0.0027979616
   0.0004906233
  -0.0036025317
  -0.0072933008
  -0.0107186787
   0.0032457882
   0.0046303626
   0.0014819815
  -0.0004836900
  -0.0043357225
   0.0074325866
   0.0054077705
   0.0024934423
  -0.0003968191
  -0.0026044006
  -0.0041734360
  -0.0052017499
   0.0086272496
   0.0079242304
   0.0003169519
  -0.0023243056
  -0.0043383849
  -0.0058645942
  -0.0073450767
  -0.0094157069
   0.0079788176
   0.0082626965
   0.0086947160
  -0.0056504960
  -0.0071298564
  -0.0082492589
  -0.0094418673
   0.0026431900
   0.0047510817
   0.0056706470
   0.0061161893
   0.0065571415
  -0.0082190630
  -0.0093530499
  -0.0101022436
  -0.0107183129
   0.0025627627
   0.0033594791
   0.0036887741
   0.0039399137
   0.0043695186
  -0.0113419949
  -0.0118356586
   0.0020696374
   0.0019204079
   0.0017035022
   0.0015812659
   0.0016441135
  -0.0137006053
   0.0012129010
   0.0001568482
  -0.0004680466
  -0.0007848546
   0.0026337325
  -0.0002095644
  -0.0017895810
  -0.0027245950
  -0.0001556940
  -0.0028360552
  -0.0043959958
  -0.0053919661
  -0.0043977875
  -0.0062965073
  -0.0088279463
   0.0047538768
   0.0023263569
   0.0079786359
   0.0063849600
   0.0043757284
   0.0024623140
   0.0005147382
  -0.0014237939
   0.0077452186
  -0.0005668423
  -0.0027909865
   0.0068905692
   0.0061756439
  -0.0024202261
  -0.0052120442
  -0.0075944213
   0.0048780978
   0.0043413636
  -0.0033554847
  -0.0067743327
  -0.0094618717
   0.0025634391
   0.0025654619
   0.0019711271
  -0.0033475355
  -0.0075777051
  -0.0105372900
  -0.0127751756
   0.0004067443
   0.0006032506
  -0.0015863152
  -0.0006946525
  -0.0041040045
  -0.0026139132
  -0.0064330561
  -0.0047324069
  -0.0023895202
  -0.0085286942
  -0.0067688753
  -0.0042113659
  -0.0091885690
  -0.0118308447
  -0.0141998614
  -0.0104479355
  -0.0118687427
  -0.0123828258
  -0.0105050019
  -0.0088168421
  -0.0066302711
  -0.0097453733
  -0.0084860049
  -0.0099069019
  -0.0043452640
  -0.0085008427
  -0.0053275968
  -0.0084422210
  -0.0105809317
  -0.0065357314
  -0.0088700702
  -0.0106822874
  -0.0117143727
  -0.0122530686
  -0.0076369052
  -0.0090921864
  -0.0107601474
  -0.0120618907
  -0.0126261848
  -0.0124099868
  -0.0117610470
  -0.0077796094
  -0.0083334891
  -0.0095504897
  -0.0110471141
  -0.0123568435
  -0.0130566520
  -0.0128806017
  -0.0117962413
  -0.0100500819
  -0.0046835845
  -0.0076202015
  -0.0078319658
  -0.0086564966
  -0.0099387376
  -0.0113501490
  -0.0124789536
  -0.0129332977
  -0.0124309281
  -0.0108532539
  -0.0082471002
  -0.0086902326
  -0.0056041525
  -0.0075904148
  -0.0075751389
  -0.0077675072
  -0.0084022067
  -0.0094584052
  -0.0107070266
  -0.0117845054
  -0.0122886538
  -0.0118713764
  -0.0102973691
  -0.0074317368
  -0.0100150204
  -0.0087723143
  -0.0066952437
  -0.0047259497
  -0.0069710784
  -0.0078282259
  -0.0081173237
  -0.0082663176
  -0.0086550771
  -0.0094143257
  -0.0103957275
  -0.0112383219
  -0.0114862197
  -0.0107134736
  -0.0085993321
  -0.0048767800
  -0.0102904609
  -0.0106089825
  -0.0100285335
  -0.0092548835
  -0.0089801440
  -0.0091751858
  -0.0093721557
  -0.0094060465
  -0.0094702414
  -0.0097820332
  -0.0103286280
  -0.0108151451
  -0.0107668415
  -0.0096943483
  -0.0072182569
  -0.0030501218
  -0.0071855212
  -0.0100458137
  -0.0113680632
  -0.0116056320
  -0.0113930061
  -0.0111465886
  -0.0108976326
  -0.0106810211
  -0.0106342385
  -0.0107160643
  -0.0105466737
  -0.0095481922
  -0.0072362404
  -0.0034629793
   0.0012646917
  -0.0033121840
  -0.0067469420
  -0.0100131500
  -0.0117205857
  -0.0121141460
  -0.0118745228
  -0.0114516282
  -0.0110279375
  -0.0102932273
  -0.0085428038
  -0.0055833860
  -0.0028720085
  -0.0074348130
  -0.0100142705
  -0.0115550639
  -0.0113313492
  -0.0101344172
  -0.0079346194
  -0.0100499627
  -0.0102275958
  -0.0094963043
  -0.0087407630
  -0.0081736441
  -0.0078817512
   0.0007363709
   0.0006342942
   0.0004314803
   0.0025020760
   0.0046633616
   0.0006248238
   0.0033157227
   0.0056932539
   0.0081382739
  -0.0018035937
   0.0021151911
   0.0051168160
   0.0075662391
   0.0097457289
   0.0119046509
  -0.0113136509
   0.0003366947
   0.0044065880
   0.0074381715
   0.0096092541
   0.0111304752
   0.0121650657
  -0.0089754920
  -0.0099400617
   0.0112740117
   0.0107702871
   0.0093580145
  -0.0029567724
  -0.0054645034
  -0.0072565665
  -0.0084188661
   0.0087708352
   0.0066195955
   0.0038029812
   0.0006922503
  -0.0022471551
  -0.0046736097
  -0.0064613934
  -0.0075991012
   0.0055186972
   0.0027655321
  -0.0002360593
  -0.0030049177
  -0.0052498800
  -0.0069360637
   0.0030553007
   0.0002128337
  -0.0028966245
  -0.0057251214
  -0.0017567001
  -0.0004731939
  -0.0035769776
  -0.0056120984
  -0.0005507910
  -0.0000194146
   0.0013645886
   0.0034403270
   0.0059643100
   0.0086965013
   0.0010759567
   0.0002500377
   0.0009150529
   0.0025096709
   0.0046682182
   0.0071429979
   0.0096660548
   0.0119264465
   0.0137332296
   0.0004782901
   0.0008135930
   0.0022391474
   0.0042518018
   0.0066318055
   0.0091882207
   0.0116022326
   0.0134539217
   0.0144642373
   0.0147086384
   0.0145149415
   0.0007465012
   0.0023911680
   0.0044554550
   0.0068151163
   0.0093924088
   0.0141797889
   0.0127365996
   0.0110843995
   0.0053017298
   0.0076153614
   0.0100971171
   0.0121586188
   0.0098399343
   0.0074508961
   0.0072714399
   0.0094061783
   0.0116319440
   0.0096814340
   0.0069130229
   0.0041666558
   0.0013964235
   0.0114015519
   0.0129209410
   0.0085618050
   0.0056254173
   0.0027290931
  -0.0001105896
  -0.0029096804
  -0.0056342292
   0.0127080555
   0.0129863865
   0.0126700454
   0.0113439909
   0.0090592056
   0.0062296906
   0.0032535065
   0.0003191696
  -0.0025233009
  -0.0052342412
  -0.0077405238
  -0.0099918890
   0.0118745160
   0.0105190100
   0.0084706230
   0.0057860054
   0.0027937872
  -0.0002341335
  -0.0031619404
  -0.0059015657
   0.0074236402
   0.0044928958
   0.0012923438
  -0.0019176047
   0.0095520592
   0.0067305780
   0.0077126953
   0.0105460029
   0.0121353076
   0.0117114921
   0.0043395476
   0.0061590484
   0.0089342252
   0.0118723936
   0.0142104008
   0.0140768653
   0.0018290378
   0.0029808890
   0.0048845391
   0.0074452469
   0.0103723136
   0.0148273512
   0.0001692145
   0.0009258541
   0.0022441797
   0.0042575529
   0.0068189503
   0.0096491407
   0.0124573719
   0.0140969951
  -0.0003073004
  -0.0001742223
   0.0004887224
   0.0020334621
   0.0043513964
   0.0071024970
   0.0099013957
   0.0124593876
   0.0133185304
   0.0122463904
   0.0009503338
  -0.0003302662
   0.0113244224
   0.0133700284
   0.0147351763
   0.0117043058
   0.0102003675
   0.0092540590
   0.0149287828
   0.0144163176
   0.0134907569
   0.0121637128
   0.0105349713
   0.0088270188
   0.0072964569
   0.0061458451
   0.0139438789
   0.0121275048
   0.0103279187
   0.0085132676
   0.0067299414
   0.0050760882
   0.0036428489
   0.0024855033
   0.0093158622
   0.0069781255
   0.0049179583
   0.0030734920
   0.0014299415
  -0.0000295171
  -0.0013333386
   0.0024142963
   0.0004287661
  -0.0013178579
  -0.0029175728
  -0.0044564259
  -0.0010936317
  -0.0030526479
  -0.0047998090
  -0.0064809597
  -0.0073688453
  -0.0091126096
   0.0094382288
   0.0069787291
   0.0071112389
   0.0097166513
   0.0117705947
   0.0118595229
   0.0094788833
   0.0047247212
   0.0040664352
   0.0049231209
   0.0127611149
   0.0135794488
   0.0095439621
   0.0066779541
   0.0028953392
   0.0021187087
   0.0019882501
   0.0145141767
   0.0094994961
   0.0067278065
   0.0044176583
   0.0016325743
   0.0010603774
   0.0005846285
   0.0139865517
   0.0122037652
   0.0098726413
   0.0072602103
   0.0047203298
   0.0027560065
   0.0010831339
   0.0011866273
   0.0007353364
  -0.0003982646
   0.0123252779
   0.0119622159
   0.0122860263
   0.0107416173
   0.0085592321
   0.0009455338
   0.0092943345
   0.0091382985
   0.0096101844
   0.0103748773
   0.0116976293
   0.0120405525
   0.0121814525
   0.0060805674
   0.0058702553
   0.0062027503
   0.0068838695
   0.0077540267
   0.0087198842
   0.0097915879
   0.0025639682
   0.0026957317
   0.0031825095
   0.0039496130
   0.0049641404
   0.0062655494
  -0.0006980649
  -0.0005564320
  -0.0001354154
   0.0005452952
   0.0015073985
   0.0028387218
  -0.0037925251
  -0.0034283289
  -0.0029061416
  -0.0021806761
  -0.0062356307
  -0.0057092518
  -0.0050846856
  -0.0084751849
   0.0013068174
   0.0073781867
   0.0045818669
   0.0024027601
   0.0007626619
   0.0100976214
   0.0077866505
   0.0050874273
   0.0025038179
   0.0008087994
   0.0112243827
   0.0103328057
   0.0086430017
   0.0060444846
   0.0029713106
   0.0001441030
   0.0096259254
   0.0101290113
   0.0003282449
   0.0055093893
   0.0067195172
   0.0078890511
  -0.0031495399
   0.0014863269
   0.0029725414
   0.0043530038
   0.0055744584
  -0.0034700595
  -0.0017550494
  -0.0002610963
   0.0010188235
   0.0020078712
  -0.0066979686
  -0.0050317122
  -0.0035895003
  -0.0024626270
  -0.0017850223
  -0.0018504346
  -0.0032094252
  -0.0114994291
  -0.0097728777
  -0.0082082129
  -0.0067744075
  -0.0056157373
  -0.0049564368
  -0.0051430746
  -0.0084999853
  -0.0074498156
  -0.0070444031
  -0.0147233112
  -0.0127578572
  -0.0129932905
  -0.0123545186
  -0.0113606133
  -0.0110900036
  -0.0111403078
  -0.0101300089
  -0.0091683073
  -0.0087462784
  -0.0095324312
  -0.0075161414
  -0.0065172170
  -0.0058899276
  -0.0052612159
  -0.0101126240
  -0.0050677729
  -0.0038017174
  -0.0029632340
  -0.0021098870
  -0.0086821518
  -0.0092120894
  -0.0026580424
  -0.0010439445
  -0.0000585757
   0.0008027947
   0.0019690338
  -0.0070593637
  -0.0078771123
  -0.0087125403
   0.0014137410
   0.0027117062
   0.0035192853
   0.0043205825
   0.0055673454
  -0.0036892216
  -0.0052339755
  -0.0063051444
  -0.0073833415
  -0.0092152278
   0.0069989531
   0.0078405938
   0.0009425423
  -0.0015934025
  -0.0033502254
  -0.0045582998
  -0.0056719779
   0.0084522093
   0.0081809112
   0.0057481903
   0.0029770697
   0.0003016096
  -0.0014917134
  -0.0023941439
  -0.0022873871
  -0.0002588997
   0.0075772840
   0.0051651730
   0.0023286933
   0.0010784982
   0.0043864828
  -0.0144009640
  -0.0130477065
  -0.0119814559
  -0.0113552599
  -0.0121004737
  -0.0108756266
  -0.0101203430
  -0.0101257331
  -0.0096736835
  -0.0085801036
  -0.0080045050
  -0.0082368567
  -0.0099100997
  -0.0069929561
  -0.0059826558
  -0.0053710495
  -0.0053728057
  -0.0064330867
  -0.0032759745
  -0.0024655123
  -0.0019446368
  -0.0020154482
  -0.0031524320
   0.0009348354
  -0.0011487542
  -0.0039595968
  -0.0067721843
  -0.0093462897
  -0.0002984018
   0.0004289538
   0.0012576451
   0.0019363442
   0.0008689976
   0.0007078703
   0.0001229813
  -0.0013271833
  -0.0034540260
  -0.0058323295
   0.0033563739
   0.0038930663
   0.0047784929
   0.0036878156
   0.0021106214
   0.0007017283
  -0.0009168337
  -0.0028725742
  -0.0049957060
   0.0064242241
   0.0065999192
   0.0041341261
   0.0020344670
   0.0000158404
  -0.0019999671
   0.0081028528
   0.0059392891
   0.0035933368
   0.0012109905
  -0.0007407359
   0.0083820467
   0.0075311702
   0.0054795071
   0.0029365747
   0.0087615344
   0.0088699869
   0.0085938820
   0.0079199003
   0.0068016530
   0.0092154007
   0.0095354392
   0.0093666965
   0.0087016340
   0.0074446455
   0.0079884332
   0.0090827476
   0.0094144114
   0.0090766615
   0.0080182680
   0.0059983866
   0.0074374030
   0.0084532824
   0.0084869737
   0.0075720618
   0.0055156261
   0.0068311085
   0.0069880028
   0.0055784716
   0.0042122263
   0.0009922772
   0.0041445992
   0.0064925876
   0.0062206993
  -0.0044350099
  -0.0006639350
   0.0035339034
   0.0063320305
   0.0078305537
   0.0083657134
  -0.0014360278
   0.0032225179
   0.0059186543
   0.0074779139
   0.0085320182
   0.0001821726
   0.0038984258
   0.0057697879
   0.0046102820
   0.0060192465
   0.0031942690
   0.0032081054
   0.0031493009
   0.0065581727
   0.0089648188
   0.0106013003
  -0.0006812845
   0.0040415844
   0.0070624580
   0.0088243565
   0.0094348448
   0.0008589425
   0.0049801211
   0.0068595263
   0.0067633206
   0.0024035880
   0.0036817019
   0.0127306628
   0.0139540163
   0.0146226401
   0.0126504402
   0.0137363323
   0.0142540973
   0.0142172035
   0.0136417229
   0.0131559103
   0.0138446021
   0.0139898330
   0.0135422044
   0.0124520464
   0.0135918816
   0.0135704920
   0.0129428691
   0.0115840945
   0.0129396656
   0.0118570666
   0.0136231299
   0.0144999830
   0.0141729246
   0.0148490392
   0.0150047613
   0.0151919986
   0.0139858420
   0.0148384684
   0.0150498953
   0.0148757707
   0.0146227182
   0.0146516928
   0.0150697045
   0.0149128521
   0.0144075568
   0.0137489936
   0.0150076192
   0.0141894055
   0.0131809371
   0.0137146233
   0.0133415366
   0.0120913845
   0.0144552889
   0.0140491948
   0.0137256883
   0.0131533314
   0.0119978972
   0.0139563054
   0.0135742540
   0.0134795361
   0.0133926108
   0.0130778255
   0.0122702238
   0.0122519904
   0.0124424423
   0.0127273955
   0.0129577100
   0.0100167211
   0.0082344968
   0.0089858326
   0.0076344170
   0.0057020346
   0.0032455193
   0.0073625102
   0.0064681868
   0.0048680881
   0.0025760145
  -0.0002732597
   0.0046001552
   0.0035692931
   0.0015936706
  -0.0012837064
   0.0002399660
  -0.0021981523
   0.0019617132
   0.0035299176
   0.0024386638
   0.0043227689
   0.0057470537
   0.0069825298
   0.0005292746
   0.0026682462
   0.0047568519
   0.0063748096
   0.0075509703
   0.0082765998
   0.0067727021
   0.0035766397
   0.0055239865
   0.0069750300
   0.0054879029
   0.0001431888
  -0.0014333178
  -0.0037675628
   0.0003997233
  -0.0000815918
   0.0036268733
   0.0027898990
   0.0015751905
   0.0040263315
   0.0034673271
   0.0062430792
   0.0056110750
   0.0048287136
   0.0059739852
   0.0051184490
   0.0076471271
   0.0068124548
   0.0069778186
  -0.0117973276
  -0.0124566517
  -0.0115748394
  -0.0104339995
  -0.0102037100
  -0.0115349418
  -0.0125615926
  -0.0123760951
  -0.0115847970
  -0.0107628119
  -0.0097990176
  -0.0084372797
  -0.0071684644
  -0.0074602690
  -0.0092313310
  -0.0109706666
  -0.0121771700
  -0.0128475998
  -0.0128958590
  -0.0117544440
  -0.0108543776
  -0.0100293985
  -0.0093473033
  -0.0086613407
  -0.0076376002
  -0.0059207239
  -0.0036081052
  -0.0086847022
  -0.0103350631
  -0.0114553126
  -0.0122889974
  -0.0128155010
  -0.0129069602
  -0.0125151298
  -0.0107963573
  -0.0096858322
  -0.0086740134
  -0.0078843317
  -0.0073147896
  -0.0068173230
  -0.0060974646
  -0.0047275703
  -0.0021985322
  -0.0095028509
  -0.0104772373
  -0.0112849199
  -0.0120190571
  -0.0125684576
  -0.0127664403
  -0.0125070110
  -0.0118052162
  -0.0097012822
  -0.0083782229
  -0.0071424981
  -0.0061268289
  -0.0053931969
  -0.0049180644
  -0.0045851931
  -0.0041781212
  -0.0033647882
  -0.0016538522
  -0.0099141039
  -0.0104067150
  -0.0110266440
  -0.0117114549
  -0.0122941239
  -0.0125929339
  -0.0124776058
  -0.0119068773
  -0.0109365280
  -0.0086468504
  -0.0070902572
  -0.0056042546
  -0.0043208421
  -0.0033246077
  -0.0026443586
  -0.0022502178
  -0.0020482965
  -0.0018691563
  -0.0014511227
  -0.0004042828
  -0.0100474830
  -0.0101885239
  -0.0106602644
  -0.0113269732
  -0.0119883668
  -0.0124412750
  -0.0125261603
  -0.0121559527
  -0.0113269571
  -0.0101131580
  -0.0077717288
  -0.0059804893
  -0.0042394748
  -0.0026780973
  -0.0013893821
  -0.0004263494
   0.0001955506
   0.0004990696
   0.0005564632
   0.0005068547
   0.0005663497
   0.0010363178
  -0.0104457181
  -0.0101040333
  -0.0103171863
  -0.0109044342
  -0.0116319723
  -0.0122643169
  -0.0126035693
  -0.0125149236
  -0.0119392048
  -0.0108934341
  -0.0094607404
  -0.0071615794
  -0.0051501932
  -0.0031649927
  -0.0013328419
   0.0002505979
   0.0015206075
   0.0024351279
   0.0029688069
   0.0031229001
   0.0029516387
   0.0025812420
   0.0021951368
  -0.0104941790
  -0.0101569716
  -0.0104699056
  -0.0111580897
  -0.0119372856
  -0.0125560591
  -0.0128214662
  -0.0126128923
  -0.0118862742
  -0.0106697181
  -0.0090514450
  -0.0068406665
  -0.0046370770
  -0.0024315582
  -0.0003493452
   0.0015134844
   0.0030859875
   0.0043073862
   0.0051130432
   0.0054420936
   0.0052759236
   0.0046775396
   0.0037786048
   0.0027012632
  -0.0101714886
  -0.0105301795
  -0.0113001152
  -0.0121476053
  -0.0127986975
  -0.0130543440
  -0.0127961909
  -0.0119853924
  -0.0106550077
  -0.0088963997
  -0.0067705306
  -0.0044145791
  -0.0020241396
   0.0002750010
   0.0023856787
   0.0042308426
   0.0057305403
   0.0067794183
   0.0062574508
   0.0049128189
   0.0031224215
  -0.0099500353
  -0.0102733026
  -0.0111210141
  -0.0120840670
  -0.0128452084
  -0.0131825442
  -0.0129671488
  -0.0121566679
  -0.0107845475
  -0.0089444811
  -0.0068559980
  -0.0043982472
  -0.0018687915
   0.0006013501
   0.0029091132
   0.0049645445
   0.0066582440
   0.0049079463
   0.0023383204
  -0.0102977675
  -0.0114613939
  -0.0124529153
  -0.0130024516
  -0.0129549633
  -0.0122556372
  -0.0109344923
  -0.0090878532
  -0.0069576939
  -0.0044587945
  -0.0018461905
   0.0007343077
   0.0031618641
   0.0053164978
   0.0031175137
  -0.0098141852
  -0.0112387236
  -0.0122037319
  -0.0125080119
  -0.0120752770
  -0.0109297684
  -0.0091730193
  -0.0069093191
  -0.0044403468
  -0.0018105359
   0.0008004602
   0.0032301055
   0.0052976551
   0.0026238551
  -0.0085209874
  -0.0102851382
  -0.0112552402
  -0.0113351064
  -0.0105493543
  -0.0090145720
  -0.0065375053
  -0.0041819364
  -0.0016122045
   0.0009193387
   0.0031640301
   0.0048384528
   0.0056258920
   0.0052695240
   0.0036650320
  -0.0062292865
  -0.0085562312
  -0.0096217983
  -0.0095145052
  -0.0084064604
  -0.0056826603
  -0.0035407130
  -0.0011245567
   0.0011535097
   0.0028792618
   0.0036389026
   0.0031118443
   0.0011492349
  -0.0061396742
  -0.0074117039
  -0.0071189481
  -0.0042224529
  -0.0025328781
  -0.0005162964
   0.0011411484
   0.0018337494
  -0.0036139835
  -0.0048474101
  -0.0021100176
  -0.0010628664
   0.0002866240
  -0.0108763492
  -0.0105596115
  -0.0116714794
  -0.0109455304
   0.0005271039
   0.0011027192
  -0.0021551182
   0.0011694551
  -0.0019473976
  -0.0047583333
  -0.0005789908
   0.0017204784
  -0.0005059966
   0.0023274591
   0.0040049790
   0.0030842332
   0.0008027842
  -0.0009380534
  -0.0040385795
  -0.0011719098
   0.0056398574
   0.0052638051
   0.0039399980
   0.0019164589
  -0.0002720113
  -0.0021672394
  -0.0036579678
  -0.0046082738
   0.0064745737
   0.0063904523
   0.0058005571
   0.0006073515
  -0.0014273182
  -0.0031915028
  -0.0046919063
  -0.0061604616
  -0.0078656834
   0.0062975157
   0.0065946348
   0.0067052822
  -0.0038083525
  -0.0052938425
  -0.0065712268
  -0.0079543335
   0.0017607186
   0.0038362579
   0.0049261561
   0.0055119377
   0.0059038938
   0.0062817913
  -0.0055934753
  -0.0069050871
  -0.0079576957
  -0.0090316474
   0.0018426751
   0.0031699279
   0.0038738333
   0.0043029454
   0.0046623246
  -0.0084823427
  -0.0092658447
  -0.0099367942
   0.0021816561
   0.0025824750
   0.0028188157
   0.0030446151
   0.0033337841
  -0.0096776969
  -0.0103714129
   0.0019603214
   0.0017008587
   0.0015337712
   0.0014905959
   0.0015758225
  -0.0117462246
   0.0023920555
   0.0011831539
   0.0004781543
   0.0001032537
  -0.0000317296
   0.0019538298
   0.0001443111
  -0.0008778941
  -0.0014277432
   0.0001116054
  -0.0016683384
  -0.0026782550
  -0.0023288523
  -0.0038069495
  -0.0046885821
  -0.0056432802
   0.0037392360
   0.0020652781
   0.0060879707
   0.0047849433
   0.0034071766
   0.0022118645
   0.0008565687
   0.0060736796
   0.0048879836
   0.0033858606
   0.0001595877
  -0.0015494031
   0.0059717920
   0.0050154407
   0.0035441095
  -0.0011996562
  -0.0033847724
   0.0049346189
   0.0041256187
  -0.0018259887
  -0.0045586405
  -0.0067965633
   0.0035619739
   0.0029697446
  -0.0025604213
  -0.0057231590
  -0.0080990471
   0.0021249274
   0.0020349179
  -0.0055545659
  -0.0083826910
  -0.0104508743
   0.0004790665
   0.0008683289
  -0.0010758786
  -0.0003172643
  -0.0020573819
  -0.0008050094
  -0.0037709455
  -0.0023107445
  -0.0056484220
  -0.0042761331
  -0.0021514106
  -0.0072430078
  -0.0077005375
  -0.0097759462
  -0.0116223960
  -0.0096937763
  -0.0074824184
  -0.0059619008
  -0.0037001471
  -0.0072260061
  -0.0059226212
  -0.0071580254
  -0.0046688109
  -0.0075142230
  -0.0045493107
  -0.0067241443
  -0.0084528881
  -0.0100579417
  -0.0052998562
  -0.0068535182
  -0.0081686537
  -0.0091082243
  -0.0097950277
  -0.0062286597
  -0.0071626352
  -0.0082247461
  -0.0091127681
  -0.0096333288
  -0.0097535049
  -0.0096273383
  -0.0067963691
  -0.0071408237
  -0.0078572242
  -0.0087281404
  -0.0095040481
  -0.0099630856
  -0.0099631765
  -0.0094765302
  -0.0086087680
  -0.0071782320
  -0.0069973854
  -0.0071638887
  -0.0076737649
  -0.0084174884
  -0.0092088340
  -0.0098288987
  -0.0100732053
  -0.0097919894
  -0.0089147828
  -0.0074535124
  -0.0056352480
  -0.0024769513
  -0.0069320608
  -0.0069365453
  -0.0069486161
  -0.0071578939
  -0.0076238079
  -0.0082922792
  -0.0090181110
  -0.0096011282
  -0.0098297390
  -0.0095209120
  -0.0085448173
  -0.0068210903
  -0.0042657691
  -0.0072654865
  -0.0056014623
  -0.0033989593
  -0.0066353616
  -0.0069219444
  -0.0071109472
  -0.0074051528
  -0.0078778802
  -0.0084778263
  -0.0090546634
  -0.0093997378
  -0.0092929908
  -0.0085418383
  -0.0069943324
  -0.0045024757
  -0.0077527528
  -0.0072223281
  -0.0061936850
  -0.0051286255
  -0.0046558453
  -0.0050409430
  -0.0058979529
  -0.0066842745
  -0.0071732022
  -0.0074418014
  -0.0076734694
  -0.0079998345
  -0.0084288001
  -0.0088400278
  -0.0090220618
  -0.0087291351
  -0.0077334345
  -0.0058449456
  -0.0028685642
  -0.0077420060
  -0.0080537834
  -0.0077978900
  -0.0074454850
  -0.0073861155
  -0.0076250150
  -0.0079114490
  -0.0081019532
  -0.0082462362
  -0.0084376575
  -0.0086650482
  -0.0087656114
  -0.0084693368
  -0.0074865144
  -0.0055821738
  -0.0026012926
  -0.0055688309
  -0.0075336728
  -0.0084759455
  -0.0087398352
  -0.0087548776
  -0.0087762920
  -0.0088039987
  -0.0088038938
  -0.0088017249
  -0.0087523052
  -0.0084404481
  -0.0075428111
  -0.0057934146
  -0.0031681411
  -0.0001685432
  -0.0032064575
  -0.0053871003
  -0.0075445987
  -0.0087408323
  -0.0091523423
  -0.0091961999
  -0.0090725222
  -0.0088030001
  -0.0081787979
  -0.0068257419
  -0.0047344073
  -0.0029433164
  -0.0059454184
  -0.0076278176
  -0.0087622654
  -0.0087756640
  -0.0079533282
  -0.0063552458
  -0.0077679045
  -0.0083679324
  -0.0077189073
  -0.0074203206
  -0.0071984205
  -0.0072518815
   0.0012673419
   0.0018431692
   0.0016657506
   0.0034573708
   0.0017487998
   0.0038434564
   0.0057811122
  -0.0001647357
   0.0026860574
   0.0049219059
   0.0068403516
   0.0086463778
   0.0012499087
   0.0041055257
   0.0062779637
   0.0079688008
   0.0093230876
   0.0103904390
  -0.0077103481
  -0.0011368472
   0.0025697656
   0.0053083627
   0.0072285059
   0.0084766484
   0.0091693442
   0.0093298788
  -0.0058832898
  -0.0070239307
   0.0081724928
   0.0078121435
   0.0067502752
   0.0050200474
   0.0027847454
   0.0003521432
  -0.0019561616
  -0.0039246107
  -0.0054726531
  -0.0066103339
   0.0066867808
   0.0060230886
   0.0046198270
   0.0026791588
   0.0004662999
  -0.0017214566
  -0.0036569442
  -0.0052413516
  -0.0064881583
   0.0044523107
   0.0034012792
   0.0016021298
  -0.0005421197
  -0.0026807464
  -0.0046100499
  -0.0002172035
   0.0016595491
   0.0011801904
  -0.0006568536
  -0.0030114063
  -0.0054851545
  -0.0032068290
  -0.0017944094
  -0.0039730489
   0.0022083757
   0.0037392585
   0.0056387622
   0.0020172939
   0.0014153745
   0.0017770539
   0.0028677555
   0.0044285135
   0.0062534728
   0.0081622868
   0.0100043624
   0.0019346174
   0.0016649616
   0.0023833619
   0.0036681037
   0.0052813926
   0.0070529085
   0.0088084216
   0.0103655226
   0.0115970367
   0.0125032837
   0.0015358693
   0.0022944750
   0.0036010980
   0.0052174721
   0.0070028555
   0.0088027329
   0.0104074560
   0.0115972627
   0.0122483215
   0.0124012558
   0.0122122070
   0.0022097781
   0.0036421909
   0.0052694065
   0.0070265368
   0.0088225228
   0.0104838207
   0.0117657527
   0.0124624571
   0.0119156832
   0.0110066565
   0.0098892478
   0.0040913532
   0.0057572370
   0.0074634242
   0.0091816574
   0.0107786933
   0.0117547210
   0.0105094152
   0.0090140776
   0.0073882546
   0.0069837034
   0.0085679299
   0.0100995431
   0.0114250604
   0.0104942123
   0.0088130931
   0.0069527868
   0.0050176918
   0.0030240072
   0.0085425122
   0.0097652629
   0.0108597602
   0.0116117891
   0.0097951805
   0.0079998171
   0.0059821042
   0.0038910101
   0.0017779012
  -0.0003499999
  -0.0024820066
   0.0104204191
   0.0108213530
   0.0108075863
   0.0101770267
   0.0089029519
   0.0071417226
   0.0051150340
   0.0029912415
   0.0008531882
  -0.0012667479
  -0.0033431588
  -0.0053410945
  -0.0072301584
   0.0101357815
   0.0095246258
   0.0083912109
   0.0067292962
   0.0047012807
   0.0025013015
   0.0002615047
  -0.0019474862
  -0.0040767184
  -0.0060790374
   0.0080423488
   0.0064310666
   0.0044439817
   0.0022199403
  -0.0000858051
  -0.0023624174
  -0.0045302834
   0.0035303964
   0.0011160388
   0.0085374055
   0.0066042350
   0.0072150259
   0.0091239926
   0.0102836127
   0.0048480291
   0.0060870590
   0.0079760160
   0.0099171731
   0.0112308431
   0.0116879295
   0.0117751897
   0.0030270551
   0.0038074074
   0.0051489695
   0.0069364861
   0.0089215396
   0.0107612440
   0.0120771664
   0.0126327754
   0.0125845794
   0.0124600090
   0.0017483107
   0.0022807929
   0.0032340067
   0.0046667134
   0.0064726816
   0.0084486835
   0.0103645713
   0.0119760345
   0.0125659503
   0.0123497100
   0.0012379564
   0.0014373724
   0.0019753477
   0.0030737556
   0.0046835954
   0.0066030447
   0.0085913329
   0.0104417216
   0.0119915623
   0.0119143576
   0.0114115575
   0.0019178165
   0.0013943665
   0.0012336234
   0.0018304687
   0.0031519011
   0.0049729749
   0.0070017934
   0.0089563776
   0.0106352727
   0.0119407651
   0.0128269847
   0.0115968214
   0.0106253111
   0.0099030318
   0.0097050740
   0.0118277620
   0.0125076639
   0.0127359969
   0.0125551967
   0.0119783170
   0.0110624714
   0.0099513353
   0.0088498513
   0.0079679830
   0.0074932503
   0.0127354643
   0.0121739711
   0.0113749733
   0.0103749465
   0.0092194953
   0.0079991581
   0.0068361074
   0.0058519972
   0.0051513708
   0.0107085942
   0.0093299972
   0.0079622177
   0.0066190704
   0.0053444635
   0.0041946191
   0.0032201760
   0.0024631287
   0.0070736544
   0.0054640005
   0.0040030018
   0.0026830045
   0.0015079657
   0.0004808183
   0.0037542653
   0.0021230948
   0.0006866037
  -0.0005999427
  -0.0017719724
   0.0002986965
  -0.0012179043
  -0.0025768124
  -0.0038456075
  -0.0030931120
  -0.0045619880
  -0.0059537423
  -0.0079369088
   0.0082554945
   0.0065295713
   0.0067492854
   0.0085835436
   0.0098968377
   0.0097550937
   0.0081307149
   0.0048983701
   0.0045585223
   0.0052965981
   0.0107325881
   0.0112526666
   0.0114090066
   0.0110915673
   0.0099172212
   0.0080561737
   0.0061688916
   0.0035026330
   0.0030568353
   0.0031285588
   0.0121330383
   0.0120980573
   0.0097802899
   0.0079486667
   0.0060685572
   0.0045061401
   0.0024525289
   0.0021189636
   0.0019446169
   0.0121214981
   0.0119988693
   0.0098112271
   0.0081244231
   0.0062670163
   0.0045154118
   0.0031934263
   0.0018510736
   0.0019086068
   0.0017317620
   0.0012681267
   0.0114363652
   0.0110527559
   0.0111766942
   0.0109269482
   0.0099544911
   0.0086010571
   0.0068911949
   0.0049871045
   0.0032661839
   0.0021695469
   0.0029738678
   0.0019482473
   0.0100753151
   0.0094837972
   0.0094586052
   0.0097525810
   0.0101358321
   0.0104203754
   0.0104968615
   0.0103298338
   0.0098936972
   0.0090968480
   0.0074508937
   0.0073479145
   0.0076003467
   0.0080376199
   0.0085213518
   0.0089662983
   0.0093440110
   0.0096391499
   0.0051535094
   0.0050331788
   0.0052402723
   0.0056664984
   0.0062303267
   0.0068876693
   0.0076416251
   0.0028907252
   0.0026639099
   0.0027480970
   0.0030695987
   0.0035795624
   0.0042565793
   0.0051189210
   0.0003178181
   0.0003748198
   0.0006465873
   0.0011081879
   0.0017608977
   0.0026442737
  -0.0019709372
  -0.0017908906
  -0.0014535176
  -0.0009514032
  -0.0040754716
  -0.0038113355
  -0.0034554641
  -0.0059510713
  -0.0056375410
  -0.0076425798
   0.0041938884
   0.0026174797
   0.0011948701
   0.0082618452
   0.0062563116
   0.0041918642
   0.0023496933
   0.0012090187
   0.0094441556
   0.0081378317
   0.0065038253
   0.0044846425
   0.0022996963
   0.0003888037
   0.0089975758
   0.0085449247
   0.0078201733
   0.0065756342
   0.0047182056
   0.0023852541
  -0.0001154367
   0.0072803901
   0.0074483927
   0.0073430578
   0.0030380394
   0.0002482292
   0.0044102079
   0.0050726822
   0.0056244580
   0.0059402202
   0.0004164484
  -0.0027800953
   0.0015129436
   0.0023879106
   0.0031285996
   0.0036754836
   0.0038633219
  -0.0009559061
  -0.0000405597
   0.0006826894
   0.0011420434
   0.0011720283
   0.0005121190
  -0.0046052969
  -0.0034943257
  -0.0025639183
  -0.0018765582
  -0.0015267572
  -0.0016864980
  -0.0026346147
  -0.0066600272
  -0.0056185130
  -0.0047383686
  -0.0041177254
  -0.0038942629
  -0.0042785763
  -0.0081581047
  -0.0071536517
  -0.0063316846
  -0.0058216668
  -0.0058494369
  -0.0070578025
  -0.0113125514
  -0.0118077405
  -0.0103952277
  -0.0105287754
  -0.0095861101
  -0.0091848640
  -0.0091058579
  -0.0090156139
  -0.0079816977
  -0.0074828681
  -0.0072139758
  -0.0071520965
  -0.0060950710
  -0.0054692362
  -0.0049889286
  -0.0078166602
  -0.0056630614
  -0.0043211934
  -0.0034837476
  -0.0028123886
  -0.0069186600
  -0.0073009741
  -0.0044507455
  -0.0026960363
  -0.0016154953
  -0.0008146584
   0.0000026345
  -0.0058141148
  -0.0064703138
  -0.0070761533
  -0.0010520213
   0.0002250368
   0.0010969579
   0.0018673612
   0.0028052825
  -0.0047747649
  -0.0056258679
  -0.0065280162
   0.0011272662
   0.0023952320
   0.0032268753
   0.0039359846
   0.0047972265
  -0.0021976798
  -0.0034854420
  -0.0045013771
  -0.0055516379
  -0.0070739926
   0.0048565867
   0.0054017593
   0.0059673546
   0.0010002545
  -0.0008211810
  -0.0022307029
  -0.0033339726
  -0.0043833959
   0.0059567068
   0.0060736095
   0.0058156972
   0.0041158364
   0.0022656866
   0.0003576805
  -0.0010937055
  -0.0020109354
  -0.0022238444
  -0.0010866215
   0.0013181653
   0.0056191118
   0.0052704157
   0.0035012173
   0.0015505995
   0.0004114186
   0.0012508175
   0.0034787469
   0.0044732703
   0.0026578877
  -0.0125860980
  -0.0108827514
  -0.0102642008
  -0.0100481804
  -0.0103139506
  -0.0094281248
  -0.0089009110
  -0.0088821226
  -0.0084478580
  -0.0076620237
  -0.0072433470
  -0.0073340944
  -0.0082281752
  -0.0064263628
  -0.0057113880
  -0.0052944115
  -0.0052852217
  -0.0059010836
  -0.0074860584
  -0.0037097522
  -0.0031955537
  -0.0029242781
  -0.0030478947
  -0.0038021679
  -0.0054453686
  -0.0007709980
  -0.0031870725
  -0.0054767558
  -0.0010527031
  -0.0006316954
  -0.0003677115
  -0.0004554124
  -0.0011174446
  -0.0010070179
   0.0006790171
   0.0003743765
  -0.0008033524
  -0.0025256882
  -0.0044234627
  -0.0062855221
   0.0012572953
   0.0015334895
   0.0019036426
   0.0021650499
   0.0015293207
   0.0010419697
   0.0006996581
   0.0001049978
  -0.0009706786
  -0.0024568033
  -0.0041340336
   0.0036876802
   0.0039733926
   0.0037845443
   0.0026998060
   0.0016847125
   0.0006778667
  -0.0004958314
  -0.0018854764
  -0.0033766791
   0.0052808467
   0.0053415960
   0.0042605148
   0.0029828978
   0.0016349967
   0.0002586145
  -0.0011403086
   0.0061057111
   0.0057906476
   0.0052496866
   0.0042483110
   0.0027312282
   0.0011581734
   0.0062048041
   0.0053941281
   0.0041028714
   0.0024044002
   0.0069586736
   0.0067093192
   0.0073782181
   0.0075016159
   0.0072746453
   0.0066725452
   0.0073697732
   0.0074993549
   0.0072007432
   0.0064248632
   0.0065429725
   0.0070175956
   0.0069055305
   0.0061821528
   0.0060272735
   0.0060791378
   0.0026507635
   0.0046096164
  -0.0009605544
   0.0022359757
   0.0045588354
   0.0058757156
  -0.0014684492
   0.0021258079
   0.0044492382
   0.0058877909
   0.0010278971
   0.0041149153
   0.0062675456
   0.0076916526
   0.0019211181
   0.0045997207
   0.0061555408
  -0.0009099749
   0.0026227863
   0.0043132689
   0.0119344376
   0.0122826446
   0.0122793857
   0.0114714662
   0.0119200814
   0.0120157208
   0.0117326749
   0.0116492507
   0.0117295574
   0.0114589754
   0.0127359693
   0.0126985156
   0.0129694215
   0.0129795814
   0.0128514818
   0.0130281933
   0.0129061960
   0.0126307674
   0.0130483866
   0.0126681356
   0.0121489413
   0.0120705206
   0.0116912501
   0.0111463795
   0.0119383628
   0.0117047764
   0.0114789905
   0.0110860087
   0.0112122721
   0.0111957678
   0.0111934464
   0.0067397079
   0.0056148034
   0.0040967836
   0.0047896869
   0.0035450641
   0.0017887432
   0.0025176309
   0.0010588139
  -0.0010543194
   0.0014672774
   0.0031283582
   0.0044193534
   0.0014321141
   0.0031681195
   0.0045878194
   0.0056187049
   0.0037309025
   0.0049960060
  -0.0021101037
   0.0000453893
  -0.0011222928
   0.0013744669
   0.0027712574
   0.0020166535
   0.0034822662
   0.0046882986
   0.0040555905
